1
58 350
44 28
35 44
16 28
49 16
27 49
54 28
25 54
57 16
23 35
34 23
22 54
33 44
50 57
17 35
6 22
56 57
31 57
41 27
30 49
45 23
12 56
11 27
9 17
3 17
24 6
29 44
1 3
37 45
20 49
48 25
7 27
18 33
21 41
55 37
46 49
53 21
32 44
43 12
14 24
39 21
4 53
2 45
8 31
15 14
42 53
40 48
13 28
47 41
5 15
26 47
51 6
38 23
0 33
10 42
19 8
36 3
52 17
12 54
48 21
49 50
54 46
41 38
4 35
13 36
14 25
25 33
33 13
21 55
38 34
21 13
42 48
45 25
26 50
1 37
56 22
11 17
34 18
18 13
11 21
34 48
35 22
36 30
57 3
29 39
6 47
22 6
10 30
29 26
31 44
34 0
10 16
9 34
38 3
29 36
40 1
9 2
52 33
24 5
37 26
1 14
43 5
13 4
29 51
5 21
29 15
9 36
16 0
0 10
7 1
6 43
54 34
13 7
14 10
5 18
55 29
49 45
38 42
34 6
35 13
26 27
1 39
16 51
6 15
39 44
13 13
6 22
50 55
10 39
43 21
48 15
37 34
19 11
10 17
52 2
13 56
19 14
38 3
45 51
23 50
31 39
31 7
21 6
38 57
54 41
6 36
54 45
19 45
7 11
41 33
35 30
0 36
47 55
8 45
29 16
39 10
10 38
56 4
2 11
24 10
33 51
25 23
49 41
48 47
0 37
16 44
14 1
48 50
14 23
30 16
43 39
29 55
49 39
10 38
35 10
49 23
2 3
22 7
56 8
12 14
19 49
47 3
38 55
50 53
43 24
55 2
26 38
47 51
33 57
42 38
32 31
30 15
29 40
17 48
46 2
9 32
31 13
42 32
57 49
0 54
8 16
33 30
26 7
34 36
3 45
56 55
41 16
50 42
18 4
53 16
25 27
48 27
41 28
5 46
14 45
32 35
11 50
38 8
6 53
14 17
1 48
29 46
40 23
38 32
2 36
49 10
10 13
26 42
19 32
1 43
15 3
24 56
48 34
11 39
54 9
33 18
10 25
53 32
38 37
2 46
48 31
30 24
25 46
0 45
25 39
38 30
26 4
30 32
36 33
43 42
15 15
10 9
45 12
4 36
52 7
9 44
35 37
53 40
21 28
26 55
34 33
23 50
43 24
12 0
51 34
13 30
41 46
50 30
14 41
10 23
12 37
10 54
18 31
35 8
57 31
40 14
12 52
47 13
50 4
50 0
2 34
49 45
36 3
9 34
30 9
45 49
16 1
28 22
2 12
32 11
38 16
39 14
18 28
44 9
2 45
52 34
9 31
0 57
51 54
55 24
13 24
35 33
6 38
17 54
27 21
20 33
57 10
49 10
53 26
39 1
50 23
2 4
19 32
34 27
4 32
24 10
25 11
29 6
56 48
8 30
51 54
48 37
48 34
57 2
39 49
9 40
3 42
47 4
36 55
25 54
49 24
22 54
25 55
44 18
11 46
21 10
8 32
26 20
20 12
36 36
31 22
27 20
12 46
43 3
16 18
45 3
35 0
54 57
46 13
34 12
43 20