Ne.
1
0 1
Ano.
Ne.
2
0 3
5 6
Ne.
1
0 2
Ne.
2
0 2
6 7
Ne.
9
0 2
4 9
11 12
15 18
20 24
25 27
29 31
32 34
35 36
Ne.
8
0 1
3 4
7 8
9 11
12 13
14 15
19 21
22 24
Ne.
5
0 1
4 5
10 11
13 15
16 17
Ne.
5
0 9
12 13
16 17
19 20
21 22
Ne.
2
5 8
9 10
Ne.
24
2 3
4 5
8 9
10 13
14 15
17 18
20 21
22 23
24 27
28 29
30 34
35 37
42 43
44 46
47 49
51 53
54 55
60 62
65 67
69 71
72 74
75 77
78 80
81 82
Ne.
24
0 1
2 4
5 7
9 10
11 14
15 17
18 21
23 24
25 26
28 29
30 31
34 38
39 40
41 42
44 45
46 49
50 51
54 55
56 57
58 64
65 69
73 76
77 81
83 84
Ne.
18
2 4
6 7
8 10
11 12
14 17
18 19
21 22
23 24
30 34
37 38
40 41
43 46
48 49
52 53
54 55
56 59
60 61
62 63
Ne.
15
1 4
8 9
11 13
15 16
17 19
21 25
32 33
34 35
36 40
41 43
44 45
46 47
51 53
54 55
56 57
Ne.
22
1 2
4 5
9 10
11 14
15 17
21 22
24 25
26 28
29 34
35 37
39 45
46 47
48 52
53 57
61 62
63 65
67 68
69 70
71 73
74 75
76 77
78 79
Ne.
41
1 3
5 9
10 11
12 14
17 18
19 23
24 26
28 29
31 33
35 36
37 38
39 41
42 43
45 46
47 48
49 50
51 52
53 54
55 56
57 61
64 65
68 69
70 72
75 77
81 83
86 88
95 96
99 101
102 103
104 105
109 110
115 116
117 119
120 122
123 125
126 128
131 133
135 136
137 139
141 144
148 149
Ne.
36
0 3
4 8
10 11
20 22
26 27
28 29
30 31
32 33
34 37
39 40
41 42
46 47
51 53
54 55
57 58
59 60
63 64
65 66
68 69
71 75
76 77
81 82
85 86
87 90
93 94
96 97
98 101
103 104
109 110
111 112
119 120
121 123
126 128
131 133
134 135
137 138
Ne.
42
2 3
5 6
7 9
10 11
13 14
15 17
20 24
25 28
31 34
37 39
42 44
45 46
47 52
54 60
61 63
66 68
70 72
81 83
89 90
93 94
95 96
97 98
100 104
105 111
115 117
119 125
128 129
132 133
137 140
144 145
147 148
149 151
153 163
164 166
170 171
172 174
175 176
178 179
180 183
185 188
189 192
193 194
Ne.
29
0 1
5 6
7 10
12 14
15 16
18 19
21 22
30 31
33 35
37 42
43 45
47 49
50 56
59 61
62 64
67 68
69 70
71 74
76 77
78 79
80 81
83 88
91 92
95 99
104 105
108 112
113 114
115 116
123 124
Ne.
35
1 4
5 6
7 10
13 14
17 18
19 20
24 26
28 31
32 33
34 36
37 39
45 48
55 56
57 59
61 64
68 71
74 77
78 79
80 81
83 86
88 91
92 94
96 97
99 104
108 109
110 111
112 116
119 120
121 124
128 129
130 131
137 138
140 141
145 146
152 154
Ne.
90
2 3
5 8
9 11
12 13
14 21
23 25
27 31
35 39
42 47
51 53
56 59
60 64
65 68
70 72
73 74
77 81
82 87
89 90
91 92
96 97
98 99
105 107
111 112
114 115
116 118
119 120
121 122
124 126
127 129
130 131
134 137
138 143
147 151
152 156
157 159
160 161
162 163
165 167
168 175
176 178
180 181
183 184
188 190
191 193
194 195
196 198
199 201
202 203
206 207
209 210
212 213
214 215
217 219
220 221
223 224
227 228
229 230
231 234
236 237
240 246
247 250
252 253
254 255
257 258
259 260
263 269
270 273
274 275
277 278
280 281
284 286
287 288
290 291
292 295
296 297
298 300
302 306
309 310
311 312
314 316
317 318
319 322
323 324
325 326
328 330
331 336
338 340
344 348
357 358
361 362
Ne.
120
1 3
5 7
10 14
15 16
19 20
26 29
31 32
35 36
39 42
46 47
48 49
53 54
56 57
61 63
64 65
66 67
69 70
71 72
73 75
77 79
81 82
83 86
89 91
92 97
98 99
104 107
108 111
114 118
119 122
123 124
125 127
128 130
131 132
133 134
135 138
140 141
146 147
149 150
151 153
154 157
159 162
164 167
173 174
175 180
182 185
187 189
191 192
193 196
198 199
201 202
204 205
206 210
211 213
215 216
218 219
220 224
229 231
233 234
235 237
241 242
244 245
247 250
257 261
264 267
268 269
271 272
274 275
276 277
278 281
282 284
285 286
287 290
291 298
299 305
312 313
314 315
318 320
321 323
327 328
329 331
335 338
341 342
345 346
348 349
352 353
355 358
360 364
365 368
370 371
372 373
374 377
379 382
383 384
387 388
389 390
392 397
399 403
408 410
411 412
413 416
417 418
420 421
424 427
430 434
435 437
438 440
443 444
445 446
448 449
450 451
453 455
461 462
463 465
467 472
475 477
478 479
480 482
483 485
486 488
489 491
Ne.
64
0 1
2 8
9 16
17 19
21 22
25 26
30 31
43 44
45 46
47 49
50 51
55 57
59 60
63 67
70 72
73 77
78 80
81 82
83 85
86 87
90 94
97 100
101 102
103 106
109 111
115 117
118 120
121 123
124 128
131 133
137 138
139 140
141 145
146 155
156 159
160 161
163 164
167 168
170 172
173 174
175 181
182 184
186 189
192 193
194 198
202 203
204 206
207 208
210 215
219 221
224 226
227 228
230 235
236 237
238 245
248 249
252 253
254 257
258 261
262 265
266 267
269 270
271 273
274 275
Ne.
76
0 2
4 7
8 9
11 12
19 23
24 25
26 27
28 29
30 31
32 34
37 39
40 45
47 48
49 50
51 52
53 55
57 59
61 62
63 75
77 80
81 83
84 86
87 89
91 92
93 94
95 96
97 99
101 106
110 111
112 114
115 117
118 119
120 123
125 127
129 131
133 135
137 139
141 142
144 146
147 150
151 152
155 162
164 166
170 171
173 174
175 178
180 182
183 184
185 189
191 193
194 195
196 197
198 200
201 202
207 212
215 216
217 218
219 224
225 226
229 231
232 234
237 238
240 241
242 244
246 249
250 252
253 256
260 261
262 263
265 267
269 271
273 274
275 276
277 278
281 283
284 287
Ne.
106
0 2
8 9
14 17
18 20
21 22
23 27
28 30
31 32
33 36
39 41
43 44
46 47
48 50
53 57
59 60
62 64
67 68
70 73
78 81
83 85
90 91
93 94
96 98
99 101
103 106
108 110
112 113
114 116
124 126
127 129
130 131
135 136
140 145
151 152
153 154
155 158
159 162
166 167
168 170
174 177
178 184
185 187
188 190
195 196
197 198
199 200
201 202
203 204
207 209
212 214
215 216
218 219
220 222
224 225
226 227
229 231
232 236
237 238
239 241
243 246
251 252
254 255
258 259
262 264
268 272
274 277
283 289
291 296
298 300
301 303
307 309
312 313
316 317
319 321
322 324
325 326
327 328
329 330
332 333
334 335
338 342
345 347
352 353
355 356
359 361
363 364
365 366
368 374
378 379
380 383
384 385
386 389
390 392
393 396
397 400
402 406
408 411
412 414
415 420
421 422
423 424
426 428
431 435
441 442
443 444
445 446
Ne.
198
0 2
4 5
6 7
10 11
12 14
15 16
21 22
23 24
25 26
27 30
31 34
36 38
43 46
47 49
51 54
57 59
60 62
67 69
72 78
80 84
85 86
88 89
94 96
99 100
102 103
105 111
112 113
114 118
119 121
122 123
126 129
133 134
135 136
138 139
140 141
145 148
151 152
153 155
156 157
158 164
165 166
169 172
173 174
176 178
182 184
188 191
193 194
198 199
200 204
207 210
211 212
213 214
216 217
220 221
222 223
231 232
233 236
238 240
243 244
245 246
247 251
255 257
258 261
262 263
267 272
273 274
276 278
279 283
285 287
288 290
292 294
295 296
297 299
301 304
305 310
313 314
316 317
318 319
320 322
323 324
325 326
327 333
336 337
338 340
341 342
343 344
346 347
350 351
355 358
360 364
367 370
371 372
373 374
375 377
381 382
385 387
390 391
392 393
394 396
397 398
400 401
403 404
405 406
408 409
410 414
415 416
418 420
421 426
427 429
432 437
443 444
446 453
454 455
458 459
465 466
468 473
474 475
476 477
479 480
482 483
484 486
490 493
495 497
498 499
500 501
502 505
506 507
508 512
513 515
516 517
518 520
521 525
527 530
532 533
534 535
536 538
540 541
543 544
545 547
548 550
554 555
557 558
559 560
561 564
565 566
567 571
573 575
576 578
580 581
582 584
585 586
587 588
589 590
592 593
594 595
598 599
600 604
607 614
617 621
623 625
628 629
632 635
640 642
643 646
648 649
652 655
658 659
661 662
663 665
666 667
668 674
675 677
679 681
686 687
688 692
695 699
702 705
706 708
710 712
719 721
725 727
728 732
733 735
737 738
741 742
745 747
749 751
752 754
757 759
761 764
765 767
769 771
772 773
774 775
776 778
779 780
781 785
788 789
Ne.
225
0 2
4 6
7 9
10 11
13 15
16 17
18 20
21 22
23 25
26 27
29 30
31 33
34 35
36 37
40 42
43 44
45 49
51 52
53 54
55 56
57 58
59 60
61 62
63 64
65 67
68 70
71 72
73 75
76 79
80 81
82 83
84 85
86 87
88 89
90 91
92 93
94 96
97 98
100 101
102 103
104 106
109 110
112 113
114 116
117 118
120 121
124 125
126 127
128 129
130 134
135 137
140 143
144 145
146 147
148 149
151 152
155 156
159 160
161 163
164 165
166 167
169 170
174 178
181 182
183 184
185 190
191 192
193 197
200 201
204 205
206 208
211 213
214 215
216 217
218 220
221 222
223 224
225 226
228 229
230 231
232 236
237 240
241 242
244 245
246 247
248 250
252 253
255 256
257 258
259 260
262 263
264 265
269 270
271 274
275 277
278 279
280 281
282 283
284 285
288 289
290 291
293 294
296 297
298 299
300 303
305 307
308 309
310 312
317 321
323 324
326 327
328 329
330 331
333 338
339 340
341 343
344 346
347 348
349 350
351 352
354 355
356 357
358 362
363 364
366 368
369 370
371 372
374 375
377 378
379 380
381 382
386 387
388 389
391 392
394 395
396 397
398 400
401 404
405 406
407 408
413 415
417 420
421 422
424 426
427 432
433 434
435 437
438 439
440 441
442 443
445 448
451 452
453 454
455 458
460 461
463 466
468 470
471 472
474 476
477 478
479 480
481 482
483 484
486 487
489 490
491 493
495 496
500 501
503 504
506 507
511 512
515 516
517 519
521 522
524 525
526 528
530 532
533 534
535 537
540 543
544 546
547 548
549 551
552 553
557 559
560 561
562 563
565 567
571 572
573 574
575 577
578 579
580 581
582 586
588 589
592 593
594 595
597 600
602 603
604 605
606 609
611 612
613 616
617 618
619 620
621 622
623 624
627 628
630 632
633 634
635 636
637 638
640 641
643 644
645 647
650 652
653 654
655 657
660 664
665 666
667 668
669 673
674 676
677 680
681 686
Ne.
150
5 7
8 10
12 14
15 17
19 20
21 22
23 24
26 29
30 32
34 35
36 38
39 40
41 42
44 45
48 49
52 53
55 56
57 63
65 67
68 69
70 72
73 74
75 76
81 82
83 86
87 92
94 95
98 99
101 102
106 107
109 110
111 112
113 114
117 120
121 122
123 128
129 130
131 132
135 138
142 143
144 145
146 148
149 152
153 156
157 159
163 168
170 171
173 175
176 177
180 183
185 186
190 191
192 196
201 203
204 205
206 207
210 211
212 213
215 216
218 219
224 225
227 234
235 238
241 242
243 246
247 250
251 252
253 258
259 261
262 263
264 265
266 267
269 271
273 274
275 279
280 281
283 292
293 294
297 299
300 301
305 306
307 309
310 311
313 314
315 316
319 320
321 322
323 326
327 330
335 336
338 339
340 341
342 344
345 348
350 351
354 355
358 363
364 365
366 369
370 371
372 377
378 379
382 387
388 390
391 395
396 398
399 400
401 402
403 405
407 409
411 412
414 415
416 417
419 421
422 423
427 428
433 434
439 445
449 451
452 460
463 465
466 467
468 473
474 475
477 478
479 480
482 483
485 487
489 491
492 494
495 496
498 502
503 505
506 509
510 512
515 517
519 521
522 524
526 528
529 532
533 534
535 539
540 541
543 546
549 550
553 554
557 558
559 561
562 564
565 566
Ne.
203
0 1
3 5
6 7
8 9
15 17
18 19
20 23
24 25
28 30
32 37
38 41
45 47
48 50
52 56
57 59
61 63
67 71
72 73
77 80
81 85
89 90
91 93
94 96
97 98
99 100
101 104
106 107
109 110
111 115
119 120
122 123
124 125
126 128
132 136
137 139
143 145
146 147
149 150
151 152
153 154
158 159
160 162
163 164
170 172
173 177
178 180
182 185
188 192
193 194
198 200
201 203
206 207
210 211
212 213
214 215
216 218
222 223
224 225
227 230
233 234
237 239
243 245
247 248
249 252
253 254
255 256
257 258
259 261
263 264
265 269
271 272
274 275
276 277
278 279
281 282
283 286
290 294
295 300
302 303
304 305
306 307
309 312
314 315
316 317
318 319
321 322
325 326
329 331
333 334
335 336
337 338
340 345
347 349
350 351
362 363
364 366
367 369
370 373
374 376
378 384
385 386
390 391
393 394
395 397
409 411
413 416
417 418
419 421
426 427
432 434
436 441
442 443
445 448
449 451
453 456
457 463
464 467
470 473
474 475
476 478
479 484
485 491
492 495
497 498
499 500
502 504
505 506
507 509
511 512
513 514
515 517
522 526
528 529
530 532
537 538
539 546
551 552
553 555
561 564
567 569
570 571
573 574
575 576
578 579
580 582
586 587
588 589
590 593
596 597
599 600
604 606
608 609
610 611
612 613
614 616
618 620
622 626
627 628
630 633
635 637
639 643
648 650
651 652
653 657
659 660
662 665
669 670
673 675
677 679
681 684
685 686
687 688
689 690
692 693
694 695
696 698
700 704
705 706
707 708
710 711
712 715
716 717
718 719
720 729
730 734
739 740
741 746
748 749
750 752
753 754
755 756
761 764
765 766
767 768
769 770
772 774
775 777
778 782
784 785
786 787
788 791
792 794
796 797
Ne.
143
0 4
6 7
9 12
14 16
19 20
22 23
26 27
28 30
31 32
35 39
41 43
44 46
47 49
50 53
54 60
68 71
73 75
76 78
79 80
83 90
91 92
93 95
97 100
103 104
106 108
111 113
115 116
117 120
121 122
123 124
126 128
129 131
134 135
138 141
142 149
150 160
163 164
165 166
167 172
174 175
181 182
184 185
187 188
191 193
198 199
200 205
206 207
212 214
216 217
220 221
224 227
228 232
233 234
236 237
239 242
243 244
245 255
258 259
260 262
264 266
267 268
269 270
276 277
279 281
285 286
287 288
290 293
294 295
296 297
301 302
303 304
305 306
308 310
311 312
313 317
318 321
322 323
326 330
332 334
336 338
341 343
345 346
353 354
356 357
359 365
369 371
373 374
375 377
378 381
382 385
394 395
399 400
401 402
403 405
410 411
414 416
417 418
421 423
424 429
430 431
432 433
434 435
437 440
443 444
445 446
450 451
452 453
455 456
458 459
460 462
466 467
468 469
472 473
475 478
479 480
481 486
488 489
494 495
496 498
501 505
506 507
509 512
513 515
519 521
523 524
525 526
527 528
529 532
534 535
536 539
540 541
546 547
548 551
556 559
561 567
568 569
571 572
578 581
582 583
587 591
595 596
597 598
600 603
Ne.
467
0 1
4 5
7 8
9 12
15 17
18 20
25 26
27 28
29 30
31 34
35 38
40 42
43 44
45 46
47 48
50 51
54 55
56 58
59 60
61 64
65 71
72 73
76 77
78 79
83 88
90 92
93 100
101 103
104 105
106 107
110 111
114 116
117 118
119 120
121 123
124 125
129 130
131 135
136 138
143 145
147 148
151 152
153 154
156 157
159 161
162 164
165 171
173 178
179 180
183 188
190 191
192 196
197 198
199 205
207 208
213 215
218 219
220 221
222 225
226 228
229 233
235 238
240 244
246 247
249 250
251 255
257 258
264 268
274 275
276 277
278 285
286 290
291 294
297 298
299 301
302 303
311 313
314 315
316 318
319 321
322 323
324 325
326 330
331 333
339 340
345 346
347 348
349 351
353 354
355 356
357 359
361 364
365 366
368 370
374 376
377 380
385 386
389 390
392 393
395 397
399 402
404 405
407 408
411 412
415 416
418 419
420 421
423 424
427 428
430 431
432 433
434 436
437 443
451 452
454 455
461 465
466 467
469 471
473 474
476 478
479 481
484 486
489 492
493 494
497 500
501 503
505 506
511 516
518 520
524 525
528 529
534 535
538 541
542 543
544 545
547 550
551 559
560 561
563 566
568 571
575 577
578 580
582 583
586 587
588 592
594 595
599 601
605 611
612 617
618 619
620 621
624 626
630 631
632 635
643 645
647 649
651 653
655 656
658 665
669 674
677 678
679 680
682 683
685 686
687 688
690 695
696 700
702 707
708 710
711 714
715 716
717 718
720 721
722 726
729 731
732 733
736 739
740 747
749 750
751 753
754 755
757 759
762 763
765 769
771 772
777 781
782 783
784 785
786 787
789 791
792 794
798 799
804 805
809 810
812 816
819 821
822 823
826 832
833 838
839 841
843 844
845 846
847 848
849 850
856 857
858 860
861 862
865 866
868 871
875 876
877 878
881 884
887 888
891 893
894 899
900 901
904 907
912 913
915 918
919 920
921 922
923 924
925 927
928 931
932 933
934 937
940 942
943 949
950 951
959 960
961 963
964 966
969 971
974 977
980 984
985 986
992 998
999 1000
1001 1003
1004 1007
1009 1010
1012 1015
1016 1020
1021 1022
1023 1024
1025 1027
1028 1029
1031 1034
1035 1036
1037 1039
1040 1041
1042 1043
1046 1047
1049 1052
1057 1058
1061 1062
1063 1067
1070 1071
1074 1077
1078 1081
1085 1086
1089 1090
1091 1095
1096 1097
1099 1101
1102 1103
1105 1106
1109 1110
1111 1112
1115 1118
1119 1122
1124 1125
1129 1134
1136 1139
1140 1141
1143 1144
1146 1147
1148 1149
1150 1151
1153 1154
1155 1156
1158 1160
1162 1165
1166 1167
1168 1173
1174 1176
1179 1181
1182 1183
1184 1185
1187 1188
1189 1190
1191 1192
1193 1197
1200 1202
1203 1208
1209 1211
1212 1213
1215 1217
1218 1224
1228 1231
1232 1233
1234 1241
1244 1245
1247 1249
1251 1252
1256 1259
1261 1266
1267 1271
1272 1275
1279 1281
1283 1285
1286 1287
1290 1291
1294 1295
1296 1297
1299 1300
1307 1309
1310 1311
1314 1316
1317 1318
1321 1322
1323 1326
1327 1328
1329 1330
1332 1335
1336 1338
1339 1341
1342 1346
1347 1350
1351 1354
1357 1358
1359 1360
1361 1362
1363 1364
1366 1368
1370 1371
1375 1376
1377 1381
1382 1386
1388 1390
1391 1394
1395 1402
1404 1406
1408 1409
1410 1411
1413 1415
1420 1422
1423 1425
1426 1427
1428 1429
1430 1432
1436 1438
1439 1440
1441 1442
1445 1446
1448 1452
1453 1458
1459 1460
1461 1463
1464 1465
1466 1467
1468 1471
1473 1475
1476 1479
1488 1489
1490 1496
1497 1498
1500 1502
1507 1508
1509 1511
1513 1514
1515 1519
1520 1521
1526 1527
1529 1535
1536 1537
1540 1542
1543 1545
1546 1547
1550 1551
1552 1554
1560 1562
1564 1565
1569 1573
1575 1576
1578 1579
1581 1585
1586 1587
1591 1594
1595 1597
1598 1601
1604 1605
1606 1609
1610 1613
1614 1615
1616 1617
1618 1620
1623 1625
1628 1632
1633 1634
1636 1638
1641 1645
1646 1649
1655 1656
1658 1659
1662 1665
1669 1670
1673 1674
1676 1677
1678 1681
1682 1684
1687 1688
1690 1691
1692 1693
1696 1699
1700 1702
1703 1705
1706 1711
1712 1713
1714 1715
1716 1717
1718 1719
1721 1724
1725 1727
1730 1731
1733 1735
1738 1739
1742 1745
1747 1749
1750 1751
1756 1757
1759 1760
1763 1764
1766 1768
1769 1770
1773 1774
1776 1777
1778 1779
1780 1781
1782 1783
1786 1787
1788 1790
1793 1794
1798 1804
1807 1809
1810 1811
1812 1813
1816 1818
1819 1820
1821 1827
1828 1830
1834 1837
1838 1844
1845 1846
1848 1850
1852 1857
1861 1862
1863 1864
1865 1867
1869 1870
1871 1874
1875 1876
1879 1880
1883 1884
1885 1886
1889 1890
1891 1896
Ne.
578
2 6
7 10
11 16
17 18
19 20
22 23
26 29
30 34
35 36
42 43
49 54
56 60
61 62
63 64
65 66
70 73
75 80
83 85
89 93
94 97
99 101
103 104
105 106
107 109
111 112
113 115
117 119
120 122
124 125
126 127
128 129
130 132
133 136
137 138
139 141
143 144
146 147
150 152
153 154
157 158
161 163
164 165
169 170
173 174
176 177
178 181
183 189
190 194
195 196
197 199
201 202
203 205
206 211
212 213
217 222
223 224
230 232
241 244
249 250
253 255
257 259
261 262
265 269
272 273
278 279
280 281
282 284
287 288
291 295
296 298
299 300
301 302
306 307
310 311
312 315
316 318
320 323
324 328
331 334
335 336
337 339
340 341
343 344
348 349
350 354
355 356
358 360
361 362
366 367
369 370
372 375
376 377
379 385
387 388
389 390
395 397
398 400
402 405
409 410
411 413
414 416
419 424
425 431
432 433
436 437
438 440
442 443
444 446
447 448
449 451
452 453
455 456
457 458
460 461
465 466
467 468
470 475
477 479
480 482
483 486
487 488
490 491
494 497
498 499
502 503
505 506
508 510
512 514
517 519
520 521
522 524
525 527
529 531
538 539
540 542
543 544
545 548
551 552
553 554
555 558
560 562
563 567
568 569
570 571
572 573
576 577
578 581
582 584
585 586
587 588
591 592
593 594
595 596
600 601
602 605
607 611
612 616
617 620
621 624
625 628
629 631
635 636
638 639
640 642
643 644
649 650
651 652
654 659
660 661
665 666
667 668
669 673
674 678
679 680
681 683
685 686
688 689
691 693
694 695
697 700
703 707
710 714
715 716
721 723
724 725
728 730
731 732
733 734
735 744
745 746
747 748
749 750
751 755
759 761
762 764
765 768
769 772
773 777
780 782
783 787
789 790
792 793
794 795
797 799
801 802
803 804
805 806
807 808
812 813
814 816
819 820
821 822
824 826
827 832
833 835
836 841
843 846
848 849
852 853
855 858
859 861
864 865
870 871
873 875
877 881
882 884
885 886
887 889
894 895
902 904
905 907
911 916
918 920
921 923
924 925
929 931
932 933
934 942
947 949
951 952
955 959
962 964
965 967
970 973
974 975
977 978
980 982
984 985
986 987
988 992
994 995
996 997
1002 1004
1005 1010
1014 1016
1018 1022
1024 1025
1027 1029
1034 1036
1037 1042
1043 1048
1051 1055
1057 1058
1059 1061
1064 1066
1068 1071
1072 1074
1075 1076
1079 1080
1083 1086
1087 1088
1092 1093
1094 1095
1098 1100
1101 1104
1107 1111
1113 1114
1115 1117
1119 1121
1122 1123
1124 1126
1128 1132
1136 1137
1139 1141
1146 1147
1148 1151
1152 1153
1154 1155
1157 1159
1160 1162
1163 1164
1165 1166
1167 1169
1173 1174
1175 1178
1179 1180
1181 1183
1185 1189
1190 1191
1192 1194
1197 1198
1200 1204
1206 1207
1208 1210
1212 1213
1224 1225
1226 1227
1228 1230
1236 1237
1238 1239
1240 1246
1247 1248
1251 1255
1257 1263
1266 1267
1268 1269
1271 1273
1274 1275
1276 1277
1279 1283
1287 1292
1295 1297
1301 1302
1305 1306
1307 1308
1310 1312
1316 1320
1323 1324
1327 1331
1332 1333
1336 1337
1339 1341
1342 1344
1345 1347
1348 1349
1350 1351
1352 1353
1354 1355
1358 1359
1363 1364
1365 1367
1368 1369
1370 1371
1373 1375
1377 1379
1380 1382
1388 1389
1390 1391
1394 1397
1399 1400
1401 1402
1403 1406
1408 1409
1410 1411
1413 1416
1422 1423
1426 1430
1432 1433
1434 1436
1438 1439
1440 1441
1442 1444
1448 1449
1450 1452
1453 1455
1456 1457
1459 1462
1466 1467
1468 1469
1471 1472
1475 1481
1483 1484
1488 1489
1490 1493
1496 1499
1500 1502
1504 1505
1506 1507
1509 1512
1515 1516
1517 1518
1520 1521
1523 1527
1528 1531
1532 1537
1538 1540
1544 1545
1548 1549
1550 1552
1553 1554
1555 1556
1557 1560
1562 1563
1564 1566
1568 1577
1579 1580
1582 1585
1588 1589
1590 1592
1597 1598
1601 1603
1604 1607
1609 1610
1613 1616
1618 1619
1620 1621
1622 1623
1626 1627
1628 1629
1630 1634
1637 1639
1641 1644
1646 1648
1649 1651
1653 1654
1656 1657
1658 1662
1666 1668
1670 1672
1673 1674
1677 1679
1680 1681
1686 1688
1689 1690
1691 1692
1693 1696
1698 1701
1702 1707
1708 1709
1710 1712
1718 1719
1720 1721
1722 1726
1728 1729
1730 1735
1739 1742
1744 1746
1750 1752
1753 1754
1755 1758
1760 1764
1765 1766
1768 1770
1771 1772
1776 1777
1778 1780
1785 1788
1790 1793
1794 1795
1796 1797
1798 1799
1801 1802
1803 1804
1806 1809
1811 1813
1814 1815
1817 1820
1821 1822
1823 1828
1829 1831
1833 1834
1836 1837
1838 1839
1844 1845
1846 1849
1852 1858
1861 1862
1863 1865
1866 1867
1868 1870
1871 1872
1875 1876
1878 1879
1881 1882
1884 1887
1891 1895
1898 1899
1901 1902
1903 1906
1908 1913
1914 1917
1920 1922
1925 1928
1932 1938
1939 1940
1941 1942
1943 1944
1946 1947
1949 1950
1952 1953
1956 1957
1958 1960
1962 1963
1970 1972
1973 1978
1979 1980
1982 1983
1986 1989
1991 1992
1993 1994
1995 1997
2002 2004
2005 2006
2010 2011
2014 2017
2018 2020
2021 2023
2027 2028
2030 2032
2034 2036
2037 2038
2039 2041
2042 2043
2047 2048
2049 2050
2051 2055
2056 2057
2059 2062
2063 2066
2069 2071
2073 2075
2076 2077
2078 2081
2082 2083
2084 2086
2087 2088
2089 2090
2091 2092
2093 2094
2095 2098
2100 2103
2104 2105
2106 2107
2108 2109
2112 2113
2114 2116
2120 2122
2123 2128
2132 2134
2137 2138
2140 2141
2143 2145
2149 2150
2151 2152
2153 2158
2161 2162
2163 2164
2166 2167
2170 2171
2173 2174
2175 2178
2180 2185
2191 2192
2196 2197
2198 2199
2200 2202
2204 2207
2208 2209
2213 2215
2216 2220
2222 2223
2224 2226
2227 2228
2231 2233
2235 2243
2245 2246
2248 2249
2251 2252
2253 2254
2257 2258
2260 2261
2262 2264
2266 2271
2273 2274
2276 2277
2281 2282
2283 2286
2291 2293
Ne.
338
0 1
2 4
9 12
13 14
15 16
17 18
23 25
26 31
32 35
36 38
40 41
43 44
45 46
47 50
53 54
55 56
58 59
60 62
64 65
66 68
70 72
79 80
81 84
86 87
88 89
95 96
97 101
105 110
111 112
114 116
118 120
121 123
127 128
129 132
133 137
138 139
140 141
143 144
145 147
148 149
150 151
155 157
158 159
160 162
166 168
169 173
176 177
178 179
183 187
189 192
193 194
196 197
200 202
206 210
213 223
224 226
228 232
233 235
236 239
241 243
244 247
251 252
253 257
259 261
263 265
268 270
271 273
275 276
279 281
282 285
287 289
292 293
296 299
302 303
306 307
311 313
315 318
320 321
324 327
328 329
332 335
339 340
342 343
345 348
349 350
351 352
353 354
355 358
359 360
361 362
363 364
365 369
370 371
372 374
375 376
378 380
384 386
387 389
390 394
395 396
397 398
400 401
402 404
406 409
410 411
412 415
417 423
426 428
429 430
431 432
435 437
439 443
444 445
447 448
450 451
453 454
455 459
460 464
469 470
471 472
473 475
476 479
480 482
483 485
488 489
492 495
499 500
503 505
508 510
512 513
514 515
518 519
523 524
530 533
534 535
536 537
538 539
540 541
550 554
559 560
562 564
565 566
569 570
571 572
575 577
579 580
583 584
586 587
589 591
593 599
604 605
606 607
608 609
611 612
613 620
623 624
625 627
628 631
638 639
640 641
643 644
645 646
648 650
652 653
655 659
660 661
663 666
667 668
670 671
672 673
677 678
681 682
683 684
685 686
687 688
689 692
693 697
699 700
701 702
703 706
707 708
710 712
713 715
717 719
720 721
722 724
726 729
730 734
736 737
738 741
742 743
746 749
751 754
755 758
759 761
766 768
770 773
775 776
778 780
781 782
783 786
789 792
793 794
797 800
801 802
803 804
806 808
809 810
811 814
815 818
819 820
823 824
826 827
828 830
831 834
836 838
839 842
844 846
848 849
850 851
860 861
864 868
869 870
871 872
874 875
876 878
881 882
884 889
891 894
895 897
900 901
902 904
907 908
912 913
914 915
920 923
926 928
929 931
932 934
935 936
937 938
939 940
942 944
948 949
950 953
955 959
960 961
962 964
965 966
971 972
976 977
980 981
982 987
988 989
990 994
995 997
1001 1004
1008 1009
1013 1015
1016 1018
1019 1020
1021 1024
1026 1027
1030 1031
1032 1033
1034 1035
1037 1039
1040 1044
1045 1047
1049 1051
1056 1059
1060 1064
1067 1068
1070 1071
1077 1078
1079 1081
1084 1085
1090 1093
1094 1096
1097 1100
1102 1104
1105 1106
1107 1111
1112 1113
1114 1115
1116 1117
1120 1122
1125 1127
1129 1130
1131 1138
1145 1146
1148 1149
1150 1152
1153 1156
1158 1159
1160 1162
1168 1171
1172 1173
1174 1177
1179 1180
1185 1187
1190 1193
1195 1196
1197 1198
1200 1202
1203 1204
1206 1213
1214 1216
1217 1219
1223 1224
1227 1229
1230 1231
1232 1234
1235 1238
1240 1242
1243 1244
1245 1246
1249 1250
1251 1253
1255 1256
1259 1265
1266 1268
1269 1271
1273 1274
1275 1277
1278 1281
1282 1285
1286 1287
1288 1290
1291 1292
1293 1294
1298 1299
1300 1303
1304 1305
1307 1309
1310 1311
1312 1313
1315 1316
Ne.
414
0 1
4 6
7 9
11 24
25 27
28 29
36 38
39 43
44 47
48 52
53 55
57 58
60 63
65 66
67 68
70 75
76 78
79 81
82 83
88 90
91 92
94 95
97 99
102 104
105 108
109 112
113 114
115 118
119 120
125 127
128 133
135 136
137 138
141 142
144 146
148 153
155 156
157 158
159 161
168 170
171 175
180 181
182 183
187 189
190 191
193 194
195 196
199 203
204 205
206 207
208 209
210 213
214 215
217 218
219 221
224 225
229 230
232 233
234 236
237 238
240 241
242 243
244 247
248 250
253 254
256 257
259 260
261 262
264 267
268 269
270 271
272 273
274 276
279 283
284 285
286 288
289 293
296 301
302 304
306 309
314 315
316 321
323 324
325 328
329 330
332 333
334 337
338 340
344 345
347 348
355 356
358 359
360 363
364 366
367 369
371 372
375 376
377 378
379 382
384 387
388 390
393 394
396 398
399 401
402 403
409 412
414 415
416 419
421 424
425 428
429 432
434 435
438 440
441 444
448 449
450 451
452 453
459 460
461 462
463 464
467 469
472 473
474 475
476 479
480 483
486 488
490 493
494 495
496 497
498 499
500 502
503 504
505 507
512 513
516 518
519 520
521 522
525 528
529 530
531 532
533 534
535 540
541 543
544 545
547 548
549 553
554 555
558 559
561 562
564 566
567 571
573 574
580 583
585 586
588 589
590 591
594 596
597 598
599 600
601 603
604 605
607 608
609 611
612 613
615 617
623 625
626 629
631 634
638 642
643 647
649 650
652 654
655 657
658 659
662 663
669 670
671 673
674 675
676 677
678 679
681 683
684 685
686 687
689 690
693 694
695 697
698 701
702 703
704 705
707 708
710 711
712 718
719 720
722 723
726 728
731 736
737 738
739 741
742 744
747 755
758 759
760 761
765 767
770 771
772 773
774 775
781 782
786 787
788 789
790 792
793 796
798 800
801 803
804 806
809 810
811 813
814 816
818 819
820 821
822 823
824 825
828 829
834 836
839 840
841 842
847 849
851 852
854 857
860 861
862 865
866 867
868 871
872 874
875 877
878 880
881 882
883 885
886 887
888 892
893 894
896 897
898 900
906 907
909 910
911 912
915 916
918 920
921 923
925 926
927 929
932 933
934 936
937 938
939 942
945 946
947 950
951 952
954 955
956 957
958 959
960 962
964 965
966 967
968 970
971 972
974 975
977 978
979 980
981 984
985 986
988 989
993 995
997 999
1000 1001
1002 1004
1008 1009
1010 1013
1014 1015
1017 1019
1020 1022
1023 1025
1028 1031
1032 1033
1035 1036
1038 1041
1043 1044
1045 1050
1054 1056
1059 1061
1062 1065
1066 1067
1070 1073
1075 1078
1079 1080
1081 1083
1084 1086
1089 1092
1093 1094
1095 1097
1098 1100
1102 1103
1104 1107
1108 1109
1110 1112
1113 1114
1116 1117
1118 1120
1122 1123
1124 1129
1131 1132
1133 1134
1135 1136
1138 1139
1140 1141
1142 1143
1144 1146
1147 1149
1152 1153
1155 1157
1160 1162
1163 1164
1167 1169
1171 1173
1174 1178
1182 1186
1187 1189
1191 1193
1194 1195
1196 1198
1199 1200
1204 1205
1207 1208
1209 1210
1211 1212
1215 1216
1219 1220
1221 1222
1223 1226
1228 1229
1230 1232
1234 1235
1236 1239
1240 1241
1242 1243
1246 1247
1250 1251
1252 1253
1254 1255
1258 1261
1263 1265
1268 1270
1275 1276
1277 1280
1283 1284
1286 1287
1289 1293
1294 1296
1299 1301
1303 1304
1305 1306
1308 1309
1312 1313
1314 1317
1318 1319
1321 1323
1326 1330
1332 1333
1334 1335
1338 1342
1343 1345
1348 1349
1350 1351
1352 1354
1359 1365
1368 1369
1377 1382
1384 1385
1386 1387
1389 1393
1394 1395
1396 1397
1398 1400
1401 1402
1403 1404
1405 1408
1410 1412
1413 1416
1422 1424
1428 1430
1431 1436
1437 1440
1442 1444
1446 1447
1449 1451
1452 1454
1455 1456
1458 1459
1460 1461
1465 1469
1473 1474
1475 1476
1477 1478
1482 1483
1485 1486
1492 1493
1496 1497
1498 1502
1503 1506
1507 1509
1510 1512
1517 1518
1521 1524
1525 1527
1534 1536
Ne.
388
0 2
3 8
10 11
12 14
15 16
17 22
23 24
27 28
29 31
32 34
35 36
38 40
41 42
44 46
49 50
51 52
53 55
58 63
64 65
71 72
77 78
80 81
82 86
88 92
93 94
96 102
104 107
109 110
111 113
114 115
118 119
120 122
123 124
125 128
132 133
134 135
137 139
140 142
144 145
146 147
149 153
154 160
161 162
166 168
169 171
173 174
176 179
182 187
188 189
190 191
194 196
200 201
202 204
205 208
210 211
212 216
218 220
221 223
227 228
230 232
235 236
238 239
241 244
245 246
247 248
250 252
261 263
265 266
271 273
278 279
282 283
288 289
290 291
292 293
294 295
296 299
300 301
303 304
305 307
308 309
313 314
315 316
317 318
319 320
321 322
324 325
330 332
334 335
336 339
344 346
348 352
353 355
356 357
361 362
363 364
367 368
369 370
371 372
375 376
378 379
380 381
382 383
384 387
388 390
392 393
394 395
396 397
398 400
401 404
405 409
412 413
415 417
418 419
421 422
426 427
429 430
431 432
433 434
435 437
438 439
440 441
443 444
445 446
447 451
452 454
456 457
458 459
460 462
464 466
467 468
473 474
475 479
480 481
482 484
487 492
497 499
500 502
503 504
505 511
514 515
517 518
519 520
521 526
530 531
534 535
536 537
540 541
546 547
549 551
558 559
563 566
568 573
575 577
578 583
586 590
593 601
602 603
604 607
608 609
611 612
613 614
618 621
623 624
625 626
628 629
630 631
632 633
639 640
647 649
653 654
655 657
660 661
663 665
666 668
670 671
672 673
674 676
679 684
685 686
687 688
689 690
693 694
697 698
699 703
706 707
709 711
712 714
715 716
718 721
722 724
726 727
729 732
733 734
735 736
737 738
740 741
743 746
748 750
754 755
758 759
760 762
763 764
767 769
770 771
772 779
780 781
785 789
790 792
793 794
796 798
799 800
801 803
806 809
810 811
812 813
814 816
817 818
819 820
823 826
827 834
838 839
845 846
847 848
850 851
852 855
857 858
859 860
862 863
864 866
868 870
871 876
879 880
882 883
885 886
887 889
890 891
892 893
895 898
902 904
905 906
907 908
909 912
916 917
921 925
926 928
931 932
934 935
936 937
939 940
941 947
953 955
958 961
963 966
967 968
970 972
973 974
979 983
984 985
986 987
988 989
991 992
993 994
999 1001
1004 1005
1007 1008
1009 1010
1012 1014
1020 1021
1022 1024
1025 1027
1028 1029
1030 1034
1035 1038
1040 1041
1044 1045
1047 1048
1050 1051
1052 1053
1055 1057
1061 1062
1065 1071
1079 1080
1083 1085
1088 1089
1090 1092
1093 1094
1095 1096
1097 1100
1102 1103
1104 1106
1108 1111
1113 1118
1119 1123
1127 1128
1129 1132
1134 1136
1137 1141
1142 1144
1147 1148
1149 1153
1157 1158
1159 1160
1163 1165
1167 1169
1170 1173
1174 1177
1179 1182
1184 1188
1189 1191
1192 1193
1194 1197
1198 1199
1200 1203
1205 1210
1213 1214
1216 1221
1225 1227
1228 1229
1230 1231
1232 1234
1237 1238
1239 1241
1242 1244
1247 1249
1250 1253
1254 1255
1257 1258
1259 1260
1264 1265
1267 1268
1269 1271
1273 1274
1279 1280
1283 1285
1286 1288
1289 1291
1292 1293
1296 1301
1302 1307
1309 1311
1312 1320
1321 1322
1323 1324
1326 1328
1329 1331
1332 1336
1340 1341
1344 1345
1346 1347
1348 1349
1351 1352
1355 1356
1359 1364
1373 1374
1375 1376
1377 1379
1380 1381
1382 1383
1386 1388
1389 1392
1393 1395
1398 1402
1405 1407
1408 1409
1410 1416
1417 1418
1420 1422
1423 1424
1425 1427
1428 1430
1431 1434
1437 1439
1442 1446
1449 1451
1452 1453
1454 1455
1467 1470
1472 1479
1480 1485
1486 1487
1489 1491
1492 1495
1496 1497
1498 1500
1509 1510
1511 1515
1517 1518
1519 1523
Ne.
1155
0 1
2 3
4 5
6 7
8 9
11 12
14 15
16 17
20 23
24 28
29 30
33 36
38 39
40 41
42 43
45 46
51 53
54 55
59 61
62 65
66 67
69 70
73 74
77 79
82 83
88 89
91 93
95 99
100 101
103 104
105 106
108 112
113 116
118 122
124 125
128 131
134 140
141 145
148 150
159 163
165 167
168 171
172 173
174 175
176 177
179 180
185 186
190 191
199 201
205 210
212 214
215 216
218 220
222 225
227 231
233 234
235 238
241 242
246 249
250 251
252 255
256 258
259 260
261 264
265 266
269 271
273 274
275 279
280 283
285 288
289 290
294 297
300 303
304 306
307 308
310 311
312 314
315 318
320 322
323 325
327 329
332 333
334 339
341 345
347 348
349 350
351 352
355 356
358 359
362 366
367 372
376 378
380 384
385 387
388 391
392 393
395 396
397 398
400 401
402 403
405 406
407 408
409 411
412 414
417 418
419 424
426 429
430 431
432 435
436 439
441 442
445 447
448 449
451 452
455 458
460 461
463 466
467 468
469 474
475 476
480 481
482 485
490 492
495 496
497 498
499 500
501 502
509 510
513 516
517 518
521 522
524 528
530 534
536 539
540 541
542 543
548 549
550 552
554 556
559 560
562 563
564 565
567 569
570 573
574 580
583 584
587 588
589 590
594 595
597 598
600 604
609 611
612 613
614 615
616 617
619 621
626 627
629 631
633 635
636 637
639 641
644 645
646 652
653 655
656 657
659 660
665 667
671 673
675 676
679 680
681 683
686 689
690 691
692 693
695 699
700 701
703 704
707 708
709 710
715 716
718 719
720 722
724 725
727 731
735 737
739 740
744 745
747 748
752 753
754 756
757 758
759 760
761 764
767 768
770 772
774 775
776 781
788 789
794 801
802 806
808 810
814 815
818 821
824 827
831 835
836 837
839 840
846 847
848 853
857 858
861 862
863 866
867 868
869 870
873 874
876 878
879 880
882 887
888 889
892 894
896 897
898 901
902 904
906 907
908 910
912 914
916 918
921 922
925 927
931 935
937 938
939 940
941 946
948 950
954 957
962 964
965 967
970 971
973 974
976 982
983 986
987 989
991 994
995 1000
1001 1004
1007 1009
1013 1016
1017 1020
1022 1028
1029 1031
1033 1034
1036 1037
1038 1042
1043 1044
1045 1046
1047 1054
1056 1058
1059 1062
1063 1066
1068 1072
1074 1075
1078 1079
1080 1081
1082 1086
1087 1088
1089 1090
1091 1093
1094 1095
1102 1105
1110 1113
1114 1121
1122 1123
1125 1126
1129 1130
1134 1137
1138 1139
1140 1141
1142 1143
1148 1149
1150 1152
1153 1158
1159 1160
1161 1163
1166 1168
1169 1176
1177 1179
1184 1185
1190 1196
1198 1203
1205 1206
1208 1212
1214 1218
1220 1223
1226 1227
1236 1237
1238 1240
1241 1242
1245 1247
1248 1250
1251 1253
1262 1268
1269 1270
1271 1276
1278 1280
1281 1282
1286 1287
1292 1296
1299 1300
1302 1303
1307 1311
1312 1314
1315 1316
1319 1320
1321 1324
1328 1332
1338 1340
1341 1342
1344 1345
1349 1352
1354 1355
1358 1360
1361 1363
1365 1367
1369 1370
1373 1374
1376 1377
1380 1384
1385 1389
1390 1391
1395 1396
1398 1402
1409 1411
1412 1415
1416 1418
1422 1425
1426 1427
1429 1430
1431 1434
1435 1438
1441 1442
1444 1445
1448 1450
1451 1452
1463 1465
1469 1471
1473 1475
1479 1480
1482 1486
1487 1490
1492 1494
1498 1499
1500 1501
1505 1507
1510 1511
1512 1515
1517 1522
1523 1524
1525 1526
1527 1528
1529 1532
1533 1534
1535 1536
1538 1540
1541 1542
1543 1544
1545 1546
1547 1550
1552 1557
1559 1561
1562 1563
1565 1570
1571 1573
1574 1575
1576 1580
1581 1583
1584 1585
1586 1588
1589 1590
1591 1594
1598 1601
1602 1604
1605 1606
1610 1611
1617 1618
1624 1625
1626 1632
1635 1637
1638 1641
1642 1644
1646 1648
1652 1656
1659 1663
1665 1666
1671 1672
1675 1676
1678 1679
1681 1682
1683 1686
1688 1690
1691 1692
1693 1694
1699 1704
1705 1710
1711 1712
1713 1715
1717 1718
1719 1720
1725 1731
1733 1737
1738 1741
1743 1745
1747 1752
1753 1754
1759 1762
1768 1771
1772 1773
1774 1777
1778 1780
1781 1783
1784 1785
1786 1787
1792 1798
1800 1801
1802 1803
1804 1805
1806 1809
1811 1814
1815 1816
1817 1820
1821 1824
1825 1829
1830 1833
1834 1835
1841 1845
1847 1850
1852 1854
1856 1860
1862 1866
1867 1868
1871 1872
1876 1877
1878 1881
1883 1884
1888 1891
1892 1893
1896 1897
1899 1900
1901 1903
1907 1908
1909 1912
1914 1915
1918 1919
1922 1923
1925 1928
1929 1931
1932 1933
1936 1938
1941 1942
1943 1947
1948 1951
1952 1953
1954 1957
1959 1961
1964 1967
1968 1969
1972 1973
1976 1977
1979 1981
1982 1984
1985 1986
1987 1989
1994 1996
1997 2000
2005 2007
2010 2014
2015 2018
2024 2025
2028 2029
2031 2034
2035 2038
2040 2042
2043 2046
2047 2048
2049 2051
2054 2056
2057 2059
2061 2062
2063 2064
2068 2069
2070 2071
2072 2073
2075 2077
2079 2084
2087 2088
2089 2090
2091 2093
2094 2096
2099 2101
2103 2105
2108 2110
2115 2116
2120 2121
2122 2124
2125 2126
2127 2128
2129 2131
2134 2136
2137 2138
2139 2141
2143 2144
2145 2146
2148 2149
2150 2152
2158 2160
2162 2164
2165 2169
2170 2171
2173 2176
2179 2181
2183 2185
2186 2187
2188 2194
2199 2204
2207 2208
2209 2211
2212 2214
2217 2218
2219 2227
2228 2233
2234 2235
2238 2240
2241 2243
2244 2246
2248 2250
2251 2252
2253 2254
2257 2259
2260 2261
2265 2266
2269 2271
2273 2275
2276 2277
2281 2282
2283 2286
2288 2290
2292 2295
2299 2305
2306 2308
2309 2312
2314 2317
2318 2319
2320 2322
2323 2325
2328 2329
2330 2333
2334 2336
2338 2339
2341 2342
2343 2345
2349 2351
2353 2355
2356 2358
2359 2360
2363 2364
2365 2366
2367 2368
2369 2372
2375 2376
2379 2383
2384 2387
2388 2389
2397 2398
2400 2401
2403 2404
2406 2409
2410 2411
2412 2413
2414 2418
2422 2423
2424 2425
2426 2428
2431 2432
2439 2442
2444 2445
2446 2447
2448 2453
2454 2455
2456 2461
2462 2463
2465 2467
2469 2470
2472 2473
2474 2475
2480 2486
2488 2489
2490 2495
2496 2502
2505 2506
2508 2509
2510 2516
2519 2523
2528 2529
2530 2531
2532 2535
2537 2539
2541 2542
2544 2547
2548 2549
2551 2554
2555 2556
2558 2560
2561 2563
2565 2566
2568 2570
2571 2573
2578 2579
2580 2581
2582 2585
2586 2590
2594 2595
2600 2601
2602 2605
2607 2608
2609 2612
2613 2614
2616 2619
2620 2627
2629 2631
2632 2633
2634 2635
2639 2643
2645 2646
2647 2648
2649 2650
2651 2654
2655 2656
2657 2659
2660 2666
2667 2668
2670 2672
2673 2674
2675 2676
2677 2678
2679 2681
2682 2684
2685 2688
2689 2691
2694 2695
2699 2701
2703 2704
2707 2709
2710 2711
2712 2713
2716 2721
2722 2724
2726 2727
2728 2729
2730 2731
2732 2734
2736 2737
2738 2741
2742 2743
2746 2748
2749 2750
2752 2754
2756 2758
2763 2764
2765 2768
2770 2771
2773 2775
2776 2777
2778 2780
2781 2782
2784 2786
2787 2788
2791 2795
2797 2799
2802 2807
2808 2809
2810 2814
2815 2818
2819 2820
2822 2826
2829 2830
2831 2833
2834 2836
2840 2841
2843 2847
2849 2851
2852 2854
2857 2858
2860 2863
2866 2870
2874 2877
2879 2881
2882 2883
2886 2887
2888 2890
2891 2892
2901 2903
2904 2907
2908 2909
2911 2912
2913 2914
2915 2919
2922 2924
2926 2927
2931 2937
2939 2940
2941 2944
2946 2953
2955 2957
2959 2960
2964 2968
2970 2973
2975 2977
2983 2984
2985 2987
2988 2989
2992 2993
2994 2996
2997 3001
3004 3006
3007 3010
3012 3017
3018 3020
3024 3026
3027 3028
3031 3038
3040 3041
3042 3043
3044 3046
3047 3048
3049 3052
3053 3054
3058 3064
3065 3067
3072 3074
3075 3078
3079 3080
3082 3086
3089 3090
3091 3095
3098 3099
3105 3106
3108 3110
3112 3114
3115 3119
3123 3126
3131 3132
3136 3137
3140 3141
3144 3145
3146 3148
3149 3155
3156 3157
3160 3161
3162 3166
3167 3173
3175 3178
3179 3181
3182 3183
3187 3188
3189 3191
3193 3200
3201 3203
3204 3206
3208 3209
3212 3215
3218 3223
3224 3230
3231 3233
3237 3240
3242 3243
3244 3245
3249 3250
3252 3254
3256 3260
3261 3264
3266 3267
3268 3271
3272 3276
3277 3279
3280 3282
3283 3284
3287 3288
3290 3292
3294 3298
3299 3301
3304 3305
3307 3308
3309 3310
3312 3313
3316 3317
3319 3321
3323 3325
3326 3327
3332 3333
3334 3335
3337 3339
3341 3343
3346 3349
3350 3353
3356 3357
3360 3361
3362 3363
3365 3367
3374 3380
3383 3384
3386 3387
3390 3392
3394 3395
3397 3398
3399 3400
3403 3405
3406 3408
3409 3410
3411 3414
3415 3416
3417 3422
3423 3424
3425 3426
3430 3432
3433 3434
3437 3438
3442 3445
3447 3448
3450 3452
3454 3456
3457 3461
3462 3463
3465 3469
3472 3473
3479 3480
3481 3482
3484 3487
3488 3492
3494 3497
3498 3499
3501 3502
3505 3506
3508 3510
3511 3512
3516 3519
3521 3522
3523 3526
3527 3528
3531 3532
3533 3535
3536 3537
3539 3541
3542 3544
3545 3548
3551 3552
3555 3559
3561 3562
3563 3566
3568 3571
3572 3574
3576 3578
3579 3580
3581 3582
3583 3587
3589 3590
3592 3595
3596 3598
3600 3602
3603 3608
3611 3617
3618 3619
3620 3623
3626 3627
3628 3632
3634 3639
3640 3641
3642 3648
3651 3652
3653 3655
3656 3659
3663 3664
3665 3666
3669 3670
3671 3675
3676 3678
3682 3683
3684 3685
3687 3689
3690 3693
3694 3695
3698 3699
3700 3701
3703 3706
3711 3716
3719 3721
3723 3724
3730 3731
3733 3736
3738 3739
3740 3741
3746 3749
3750 3751
3755 3756
3757 3761
3762 3764
3767 3771
3776 3777
3778 3779
3781 3782
3784 3785
3786 3789
3790 3792
3793 3796
3797 3799
3804 3805
3808 3809
3811 3812
3814 3815
3817 3819
3820 3821
3822 3823
3824 3826
3827 3828
3830 3831
3833 3836
3838 3839
3842 3845
3847 3848
3851 3852
3853 3854
3858 3859
3861 3864
3865 3866
3867 3869
3873 3875
3877 3880
3882 3884
3886 3887
3888 3891
3892 3893
3894 3896
3898 3899
3902 3906
3910 3912
3914 3916
3918 3923
3925 3927
3928 3929
3930 3931
3932 3933
3935 3937
3938 3940
3941 3942
3944 3945
3946 3948
3953 3957
3960 3961
3963 3967
3968 3972
3975 3977
3978 3986
3987 3988
3989 3991
3992 3993
3995 3998
3999 4000
4003 4005
4006 4007
4008 4009
4013 4016
4017 4018
4021 4022
4023 4024
4025 4027
4028 4029
4033 4040
4041 4042
4043 4046
4047 4049
4051 4052
4053 4054
4055 4056
4060 4063
4064 4066
4067 4072
4074 4075
4077 4078
4084 4088
4089 4091
4092 4093
4094 4095
4096 4097
4098 4099
4101 4102
4103 4104
4105 4110
4112 4113
4114 4121
4122 4124
4126 4130
4131 4136
4138 4139
4140 4144
4145 4150
4151 4152
4156 4158
4159 4162
4165 4169
4170 4171
4175 4177
4179 4180
4182 4187
4191 4193
4195 4196
4197 4198
4199 4200
4205 4206
4208 4209
4210 4211
4214 4215
4216 4218
4220 4223
4225 4229
4232 4233
4237 4238
4239 4240
4241 4242
4244 4245
4246 4247
4249 4250
4252 4258
4259 4260
4262 4263
4267 4271
4273 4274
4275 4278
4279 4281
4282 4284
4285 4286
4288 4293
4294 4295
4296 4297
4300 4301
4302 4303
4304 4306
4307 4310
4311 4313
4314 4316
4317 4321
4327 4329
4330 4331
4333 4334
4336 4340
4346 4347
4348 4349
4351 4355
4357 4358
4359 4360
4361 4362
4368 4369
4370 4372
4373 4374
4375 4376
4377 4378
4381 4382
4385 4388
4389 4390
4392 4394
4395 4398
4399 4400
4402 4405
4406 4407
4410 4412
4417 4418
4419 4420
4421 4422
4423 4425
4426 4427
4428 4431
4436 4437
4441 4442
4443 4446
4447 4452
4455 4456
4457 4458
4460 4464
4465 4466
4467 4468
4469 4470
4471 4475
4477 4479
4480 4483
4485 4488
4492 4494
4496 4497
4499 4500
4503 4505
4506 4509
4510 4511
4512 4513
4514 4515
4517 4518
4524 4525
4526 4527
4529 4530
4532 4536
4537 4538
4539 4542
4545 4548
4551 4552
4553 4555
4556 4558
4560 4561
4562 4563
4565 4566
4569 4570
4571 4572
4575 4576
4577 4578
4579 4580
4581 4585
4588 4591
4592 4598
4599 4600
4601 4602
4603 4604
4605 4606
4607 4609
4611 4614
4616 4617
4618 4619
4620 4621
4622 4625
4627 4631
4632 4636
4637 4640
4642 4644
4645 4646
4648 4649
4651 4656
4657 4658
4660 4662
4664 4665
4666 4667
4670 4671
4672 4676
4677 4678
4679 4682
4683 4684
4685 4686
4687 4689
4690 4691
4693 4695
4697 4698
4700 4702
4705 4712
Ne.
1141
1 3
4 5
6 7
11 12
14 15
17 18
19 20
23 25
28 29
32 34
36 37
38 40
42 43
46 48
50 51
53 54
55 57
58 59
60 64
66 68
69 70
72 73
77 81
84 85
87 88
90 96
97 99
100 101
104 105
108 109
110 111
116 119
120 121
123 128
129 132
133 138
139 140
141 145
146 148
150 151
155 157
160 161
162 163
164 165
170 172
174 175
176 178
184 188
189 190
195 196
197 200
203 205
206 207
209 210
211 215
216 217
219 221
227 228
237 239
240 242
244 251
252 253
254 255
257 258
259 260
261 264
267 269
270 271
272 274
278 279
280 284
285 286
290 294
295 299
303 304
311 312
313 314
316 317
318 320
322 324
326 327
329 330
331 332
333 334
335 336
337 338
340 341
343 344
345 347
351 352
353 354
356 357
358 359
360 362
363 364
370 371
372 375
376 377
378 385
386 387
389 390
392 393
397 401
402 403
405 407
409 410
411 415
417 418
420 422
423 425
428 432
433 434
437 439
442 443
444 446
448 449
450 451
453 455
462 465
470 471
473 477
479 480
481 483
485 487
488 489
490 494
495 497
500 501
505 507
508 511
513 515
516 517
519 525
527 528
529 531
532 533
535 537
538 541
544 547
548 551
552 554
556 558
560 563
564 565
567 569
570 571
573 575
577 578
579 580
581 582
584 586
587 588
592 596
599 602
603 604
607 608
609 610
611 612
614 616
617 618
619 621
623 625
626 628
632 634
635 636
637 642
644 645
646 647
648 649
651 652
655 657
658 661
662 663
664 665
667 668
670 671
672 673
676 678
680 682
684 686
687 688
689 695
698 699
701 702
704 705
708 712
713 715
717 718
721 724
725 726
731 733
737 739
740 741
742 743
746 750
754 756
757 762
763 766
767 768
769 777
779 788
789 790
791 793
795 796
800 801
805 807
808 809
810 812
816 818
821 822
826 828
829 834
838 839
840 842
843 844
846 849
850 851
855 862
863 866
867 870
871 872
873 876
878 881
882 883
886 887
888 891
893 894
896 899
902 909
910 911
914 915
918 920
921 924
925 926
927 928
931 932
934 936
938 941
943 946
947 949
951 953
957 958
959 961
964 965
966 969
970 975
977 980
983 984
985 987
991 995
999 1002
1004 1005
1008 1009
1011 1014
1018 1020
1021 1024
1027 1028
1029 1030
1034 1035
1036 1037
1038 1041
1042 1043
1044 1045
1047 1054
1057 1058
1059 1063
1064 1066
1068 1070
1073 1076
1077 1080
1082 1084
1092 1093
1094 1098
1100 1102
1104 1107
1109 1110
1117 1118
1120 1121
1122 1123
1125 1126
1127 1130
1134 1135
1136 1140
1144 1146
1147 1148
1149 1151
1152 1154
1155 1157
1158 1161
1163 1164
1165 1167
1169 1172
1174 1175
1177 1179
1184 1186
1187 1194
1195 1196
1199 1200
1201 1203
1205 1206
1208 1210
1211 1212
1213 1214
1217 1219
1221 1222
1224 1225
1228 1229
1230 1231
1232 1233
1234 1236
1237 1240
1241 1245
1247 1248
1253 1254
1256 1257
1258 1259
1260 1263
1265 1267
1268 1269
1270 1271
1272 1274
1278 1284
1286 1287
1288 1289
1290 1293
1295 1297
1299 1300
1301 1302
1303 1304
1306 1308
1311 1312
1313 1315
1318 1320
1322 1324
1325 1326
1327 1329
1330 1331
1332 1333
1334 1335
1336 1338
1339 1341
1342 1343
1344 1348
1349 1352
1353 1354
1357 1359
1363 1367
1368 1370
1371 1373
1375 1376
1378 1382
1383 1384
1386 1387
1389 1391
1393 1395
1398 1400
1404 1405
1407 1410
1413 1416
1417 1419
1420 1422
1423 1426
1428 1429
1430 1434
1435 1436
1441 1442
1445 1446
1447 1449
1451 1452
1454 1455
1464 1465
1469 1475
1479 1481
1482 1483
1484 1486
1488 1490
1495 1496
1497 1498
1500 1501
1502 1503
1505 1508
1509 1511
1515 1516
1518 1520
1523 1524
1525 1526
1528 1532
1534 1535
1537 1538
1539 1540
1543 1547
1548 1549
1550 1551
1552 1553
1554 1556
1559 1560
1562 1565
1567 1568
1570 1571
1575 1576
1579 1580
1583 1587
1590 1591
1592 1593
1597 1599
1601 1603
1605 1609
1613 1615
1616 1618
1620 1622
1623 1624
1626 1627
1629 1632
1633 1634
1638 1641
1644 1647
1648 1649
1650 1654
1657 1658
1665 1667
1669 1670
1673 1674
1678 1680
1682 1686
1687 1691
1693 1695
1696 1701
1702 1704
1705 1708
1710 1711
1714 1719
1724 1725
1727 1729
1733 1735
1738 1739
1740 1743
1746 1747
1749 1750
1753 1755
1756 1758
1759 1762
1764 1765
1769 1771
1777 1778
1779 1781
1783 1784
1785 1787
1789 1791
1792 1795
1800 1804
1810 1812
1814 1815
1817 1821
1823 1824
1825 1826
1828 1829
1830 1831
1832 1833
1835 1836
1837 1838
1839 1841
1843 1844
1845 1850
1851 1853
1855 1857
1858 1859
1860 1862
1863 1864
1865 1866
1868 1869
1874 1875
1876 1878
1880 1881
1884 1888
1890 1892
1893 1895
1898 1900
1901 1902
1903 1904
1906 1910
1911 1912
1913 1915
1918 1919
1920 1922
1923 1924
1925 1926
1928 1931
1934 1937
1941 1942
1943 1944
1945 1946
1947 1948
1949 1955
1956 1959
1964 1966
1968 1970
1971 1972
1974 1977
1978 1981
1983 1984
1987 1988
1989 1992
1993 1994
1996 1997
2001 2003
2004 2007
2009 2011
2014 2015
2017 2020
2022 2024
2026 2030
2033 2035
2037 2038
2040 2043
2044 2045
2048 2049
2050 2051
2052 2054
2056 2063
2064 2067
2071 2073
2076 2077
2079 2082
2083 2086
2090 2092
2094 2096
2097 2098
2100 2101
2103 2104
2105 2107
2108 2110
2111 2113
2115 2117
2119 2120
2121 2124
2125 2126
2127 2130
2132 2133
2134 2135
2138 2140
2141 2143
2144 2145
2146 2147
2148 2149
2152 2153
2154 2155
2156 2157
2159 2160
2164 2166
2168 2170
2171 2174
2176 2177
2178 2179
2181 2182
2183 2185
2186 2188
2189 2190
2191 2192
2196 2197
2199 2200
2201 2202
2207 2208
2209 2213
2214 2215
2216 2219
2220 2223
2224 2225
2227 2228
2231 2233
2235 2236
2237 2239
2240 2246
2248 2251
2252 2253
2255 2256
2258 2259
2262 2266
2270 2271
2272 2273
2274 2280
2281 2282
2283 2284
2286 2287
2290 2292
2293 2295
2296 2297
2299 2300
2301 2305
2306 2308
2309 2310
2313 2317
2319 2320
2323 2324
2326 2329
2331 2332
2334 2336
2338 2343
2344 2345
2346 2347
2348 2349
2350 2351
2352 2355
2358 2360
2363 2365
2367 2372
2373 2376
2377 2381
2382 2385
2386 2387
2388 2389
2391 2393
2395 2396
2397 2398
2399 2400
2401 2402
2403 2404
2406 2407
2409 2410
2412 2413
2415 2417
2418 2421
2422 2423
2424 2425
2426 2427
2432 2433
2435 2437
2438 2441
2445 2447
2449 2451
2453 2454
2455 2457
2458 2459
2460 2461
2463 2465
2467 2468
2471 2473
2478 2483
2486 2489
2492 2493
2494 2495
2497 2498
2499 2500
2502 2503
2506 2507
2508 2509
2510 2511
2512 2513
2515 2520
2522 2523
2524 2528
2529 2530
2532 2533
2534 2535
2536 2537
2542 2543
2545 2548
2549 2550
2551 2552
2553 2555
2558 2559
2561 2562
2564 2565
2570 2571
2573 2577
2578 2583
2585 2586
2587 2589
2590 2591
2592 2595
2596 2600
2602 2604
2606 2608
2609 2612
2614 2616
2618 2619
2620 2623
2628 2633
2635 2637
2638 2639
2640 2641
2643 2645
2646 2647
2648 2649
2652 2656
2657 2660
2664 2666
2667 2671
2672 2674
2675 2677
2678 2681
2682 2684
2686 2688
2689 2691
2694 2695
2696 2698
2699 2700
2701 2702
2704 2706
2707 2709
2710 2713
2715 2720
2721 2722
2723 2725
2726 2727
2728 2735
2736 2742
2743 2746
2751 2752
2754 2755
2757 2759
2760 2761
2762 2763
2765 2771
2772 2774
2775 2780
2782 2786
2793 2794
2796 2797
2798 2799
2801 2803
2805 2807
2808 2810
2811 2813
2814 2815
2816 2817
2819 2820
2823 2824
2825 2826
2827 2828
2829 2832
2833 2834
2835 2838
2839 2841
2843 2845
2846 2847
2848 2849
2850 2852
2853 2854
2855 2857
2864 2867
2868 2870
2871 2875
2877 2882
2883 2885
2889 2890
2891 2895
2898 2900
2904 2906
2911 2914
2915 2917
2918 2919
2920 2923
2925 2928
2929 2935
2936 2939
2941 2942
2944 2953
2954 2955
2956 2960
2961 2963
2964 2967
2972 2974
2976 2977
2978 2979
2983 2984
2986 2988
2990 2991
2992 2993
2994 2996
2997 2998
2999 3001
3002 3003
3004 3006
3007 3009
3011 3013
3016 3017
3018 3019
3020 3023
3025 3026
3027 3029
3030 3031
3034 3036
3038 3039
3041 3044
3045 3046
3048 3050
3051 3052
3058 3061
3062 3064
3066 3069
3076 3082
3083 3086
3088 3091
3093 3094
3095 3096
3097 3099
3103 3104
3105 3106
3107 3108
3109 3111
3114 3115
3116 3117
3118 3119
3123 3125
3126 3127
3128 3129
3131 3132
3135 3137
3142 3145
3147 3150
3152 3153
3156 3157
3158 3160
3162 3163
3165 3166
3172 3173
3174 3175
3176 3177
3180 3182
3183 3185
3187 3193
3195 3198
3199 3200
3202 3203
3204 3208
3209 3210
3211 3214
3216 3220
3222 3227
3228 3230
3231 3236
3237 3239
3240 3242
3245 3246
3251 3253
3254 3255
3258 3260
3263 3264
3266 3267
3268 3269
3270 3271
3273 3277
3278 3279
3281 3283
3287 3290
3291 3292
3294 3295
3296 3297
3299 3303
3305 3307
3309 3310
3312 3315
3316 3319
3320 3321
3322 3326
3329 3331
3332 3333
3336 3337
3342 3343
3346 3348
3350 3352
3355 3357
3358 3359
3361 3362
3366 3367
3369 3376
3377 3380
3381 3383
3385 3387
3389 3392
3393 3394
3396 3397
3398 3399
3400 3401
3402 3406
3407 3410
3412 3413
3414 3415
3417 3418
3423 3425
3426 3427
3428 3430
3431 3433
3435 3436
3437 3438
3439 3440
3444 3445
3448 3450
3454 3455
3459 3464
3465 3467
3470 3471
3472 3473
3474 3479
3487 3489
3490 3491
3492 3493
3496 3497
3500 3503
3506 3508
3509 3510
3512 3513
3514 3516
3519 3520
3523 3525
3527 3529
3531 3532
3534 3537
3538 3540
3541 3542
3544 3545
3548 3551
3552 3554
3555 3560
3562 3563
3564 3567
3569 3570
3571 3572
3576 3581
3582 3583
3585 3588
3591 3593
3594 3597
3601 3602
3603 3607
3608 3609
3612 3615
3616 3617
3618 3619
3621 3622
3625 3626
3629 3630
3631 3632
3633 3634
3635 3637
3640 3641
3642 3644
3648 3650
3651 3653
3654 3655
3657 3658
3660 3665
3666 3669
3670 3672
3676 3679
3682 3683
3685 3687
3688 3689
3691 3692
3693 3694
3695 3696
3698 3700
3701 3703
3704 3706
3707 3708
3710 3711
3714 3715
3718 3719
3720 3721
3723 3725
3726 3728
3729 3732
3735 3736
3737 3739
3740 3741
3744 3745
3747 3748
3753 3757
3758 3759
3762 3763
3764 3765
3766 3768
3769 3774
3775 3776
3777 3778
3779 3782
3785 3786
3787 3792
3793 3794
3795 3799
3800 3802
3804 3805
3806 3807
3808 3812
3814 3816
3820 3821
3823 3826
3830 3831
3838 3842
3844 3845
3847 3848
3854 3856
3857 3858
3859 3860
3861 3862
3865 3866
3870 3871
3872 3878
3880 3883
3884 3885
3887 3894
3895 3897
3899 3902
3906 3907
3908 3910
3911 3912
3914 3915
3916 3917
3918 3919
3920 3922
3923 3924
3926 3927
3929 3931
3932 3933
3936 3939
3940 3942
3944 3945
3946 3947
3948 3949
3953 3954
3956 3964
3966 3967
3969 3973
3975 3977
3979 3980
3981 3982
3986 3989
3990 3991
4000 4001
4002 4003
4004 4007
4009 4010
4011 4012
4013 4014
4015 4016
4020 4021
4023 4029
4031 4033
4034 4035
4037 4038
4041 4045
4048 4049
4050 4051
4053 4054
4055 4057
4058 4059
4060 4062
4065 4066
4070 4071
4078 4082
4083 4086
4088 4091
4093 4094
4095 4096
4097 4099
4100 4101
4103 4104
4105 4106
4107 4108
4109 4111
4112 4116
4121 4122
4124 4125
4128 4131
4132 4134
4135 4136
4137 4138
4139 4141
4142 4144
4145 4146
4147 4148
4149 4150
4151 4152
4154 4155
4156 4159
4163 4167
4168 4171
4174 4175
4176 4177
4178 4180
4184 4187
4189 4190
4194 4195
4196 4198
4200 4201
4202 4203
4204 4207
4208 4211
4212 4214
4215 4218
4223 4226
4228 4232
4235 4237
4239 4240
4241 4243
4244 4247
4248 4251
4253 4255
4256 4258
4259 4260
4261 4263
4266 4268
4269 4271
4273 4277
4278 4279
4281 4282
4283 4284
4286 4288
4290 4291
4297 4304
4306 4307
4308 4309
4310 4313
4314 4315
4316 4318
4319 4325
4326 4330
4332 4333
4334 4335
4336 4337
4338 4339
4340 4342
4343 4344
4345 4346
4347 4348
4349 4350
4356 4357
4359 4360
4362 4363
4364 4365
4369 4371
4373 4375
4376 4378
4387 4389
4390 4391
4392 4393
4394 4397
4400 4401
4402 4404
4405 4409
4410 4411
Ne.
947
0 1
3 12
14 17
18 20
22 23
26 27
30 31
34 39
41 45
46 49
50 51
53 54
56 57
62 63
64 66
67 68
69 71
72 74
76 81
83 86
89 90
91 92
95 98
99 101
102 104
106 108
112 114
115 117
120 123
124 126
131 132
136 138
143 147
148 150
156 157
158 159
160 163
164 169
171 175
176 178
179 180
181 183
184 189
194 195
198 199
201 203
205 206
208 212
214 215
216 221
222 223
224 225
226 229
230 233
236 237
238 239
240 241
242 245
249 250
251 254
256 258
259 260
262 263
268 270
271 274
275 276
277 280
281 283
284 287
288 290
292 293
294 295
298 299
300 301
303 304
305 306
307 308
309 310
312 314
315 316
318 319
320 321
322 323
327 328
331 332
333 335
337 342
345 348
349 351
352 353
358 359
360 365
366 367
368 369
370 375
376 378
379 380
383 386
387 391
393 394
395 396
397 399
400 402
403 406
407 408
410 411
413 414
415 417
418 419
421 424
425 426
430 431
433 435
437 440
442 444
445 448
451 452
453 454
455 457
458 459
460 461
462 463
464 466
468 469
470 476
478 480
481 482
486 487
488 489
490 491
492 493
495 497
498 501
502 504
507 508
509 510
511 516
517 518
519 521
523 527
529 530
532 533
534 539
540 542
543 548
549 550
552 553
554 555
556 558
564 565
567 568
571 572
574 576
577 578
580 581
586 587
588 592
593 595
596 597
599 601
603 604
606 609
610 614
615 616
617 621
622 623
625 630
631 632
633 634
636 637
638 639
640 642
643 644
645 646
647 649
651 652
655 657
660 662
663 664
665 668
669 673
677 678
679 680
681 683
684 687
688 694
695 697
699 701
702 703
708 709
710 711
715 716
717 719
720 721
723 724
726 727
730 732
737 738
741 747
748 749
751 752
755 757
762 764
766 767
769 770
771 774
775 777
778 779
781 783
785 786
787 788
790 792
799 805
807 809
810 811
812 814
816 821
822 823
824 825
829 833
834 835
838 839
840 842
844 846
847 848
850 853
854 856
857 861
862 863
865 867
868 871
876 879
883 885
886 888
889 891
897 898
899 903
907 908
909 910
912 913
914 915
917 919
921 922
923 924
925 928
930 933
935 936
937 938
939 941
942 943
945 946
949 950
954 955
956 958
959 960
961 966
968 969
971 972
975 978
979 982
983 984
987 988
990 991
994 1000
1004 1005
1006 1007
1008 1010
1014 1021
1024 1025
1026 1027
1029 1032
1033 1035
1037 1039
1040 1042
1043 1045
1046 1047
1050 1051
1053 1058
1064 1066
1067 1070
1071 1075
1076 1078
1082 1084
1085 1089
1093 1095
1096 1097
1099 1100
1101 1102
1105 1106
1110 1111
1112 1114
1115 1116
1118 1119
1122 1124
1125 1127
1131 1132
1133 1134
1135 1137
1138 1141
1143 1147
1149 1151
1152 1154
1155 1156
1160 1162
1163 1165
1166 1168
1169 1178
1179 1180
1181 1184
1185 1187
1192 1193
1195 1196
1200 1203
1208 1209
1214 1218
1219 1220
1225 1226
1227 1229
1230 1232
1233 1234
1235 1239
1240 1245
1246 1251
1253 1257
1259 1262
1266 1267
1268 1274
1278 1279
1280 1282
1283 1287
1292 1293
1295 1296
1298 1301
1302 1303
1304 1305
1306 1311
1313 1314
1315 1316
1319 1320
1322 1324
1325 1328
1333 1334
1336 1338
1339 1340
1343 1344
1348 1351
1353 1355
1356 1357
1358 1361
1363 1364
1366 1367
1368 1369
1370 1371
1372 1373
1374 1376
1378 1381
1382 1384
1386 1388
1390 1391
1392 1393
1394 1401
1403 1404
1405 1409
1412 1413
1417 1418
1419 1420
1422 1424
1425 1428
1429 1432
1434 1437
1438 1439
1441 1442
1443 1444
1445 1450
1451 1452
1453 1459
1461 1463
1465 1471
1473 1474
1479 1480
1484 1487
1489 1490
1491 1492
1494 1496
1497 1498
1499 1500
1501 1502
1504 1506
1507 1509
1510 1511
1512 1514
1515 1516
1519 1523
1524 1525
1527 1530
1531 1540
1541 1543
1545 1546
1547 1548
1552 1555
1556 1557
1558 1559
1562 1563
1566 1567
1568 1575
1577 1578
1581 1582
1584 1585
1588 1589
1592 1594
1596 1597
1601 1603
1608 1614
1616 1617
1619 1621
1623 1624
1625 1627
1629 1630
1635 1636
1640 1641
1643 1645
1647 1648
1649 1650
1652 1653
1654 1656
1660 1661
1662 1663
1665 1672
1673 1674
1677 1678
1679 1681
1682 1685
1688 1690
1691 1692
1694 1697
1703 1707
1709 1710
1711 1714
1716 1717
1718 1726
1728 1732
1735 1736
1737 1740
1742 1743
1749 1750
1752 1754
1756 1762
1764 1765
1766 1767
1768 1770
1772 1773
1776 1778
1780 1785
1788 1789
1790 1791
1792 1799
1800 1802
1803 1804
1805 1808
1811 1812
1813 1814
1815 1821
1822 1824
1825 1827
1829 1830
1831 1834
1836 1837
1838 1839
1840 1841
1845 1846
1847 1851
1852 1853
1854 1859
1860 1865
1866 1868
1870 1871
1872 1873
1875 1876
1880 1885
1886 1887
1888 1889
1892 1895
1896 1903
1904 1905
1907 1909
1910 1911
1912 1915
1920 1922
1923 1926
1928 1930
1934 1936
1937 1939
1941 1943
1949 1950
1953 1955
1958 1961
1963 1964
1965 1967
1970 1971
1973 1974
1975 1976
1977 1978
1979 1981
1982 1986
1991 1992
1995 2000
2001 2004
2005 2007
2008 2011
2012 2014
2015 2019
2022 2025
2026 2027
2028 2029
2030 2032
2035 2038
2039 2040
2041 2045
2046 2047
2051 2058
2059 2066
2069 2070
2071 2072
2073 2077
2082 2083
2084 2085
2094 2095
2096 2097
2099 2100
2101 2102
2103 2108
2109 2111
2114 2115
2118 2119
2120 2121
2122 2124
2125 2126
2127 2130
2135 2136
2138 2139
2140 2141
2143 2144
2145 2146
2147 2150
2153 2154
2156 2159
2160 2164
2168 2171
2172 2173
2174 2175
2176 2177
2178 2180
2184 2185
2188 2189
2190 2195
2196 2197
2199 2201
2204 2205
2206 2207
2211 2213
2214 2216
2217 2218
2219 2221
2222 2223
2227 2228
2230 2231
2232 2237
2238 2239
2241 2242
2243 2244
2250 2251
2259 2260
2262 2263
2265 2266
2267 2268
2270 2271
2272 2273
2277 2278
2280 2281
2284 2286
2287 2289
2290 2291
2293 2295
2297 2298
2300 2301
2302 2303
2304 2305
2307 2311
2312 2318
2322 2328
2331 2333
2337 2338
2339 2341
2342 2344
2345 2346
2349 2351
2353 2355
2356 2359
2360 2361
2363 2365
2366 2369
2370 2371
2372 2374
2380 2381
2382 2384
2385 2386
2389 2390
2391 2392
2395 2399
2400 2402
2403 2417
2420 2421
2423 2424
2426 2427
2430 2431
2432 2435
2436 2437
2441 2443
2446 2449
2451 2453
2454 2456
2459 2464
2466 2467
2468 2469
2471 2474
2476 2479
2480 2481
2485 2487
2488 2489
2491 2492
2493 2496
2497 2499
2501 2503
2507 2510
2511 2512
2513 2515
2516 2518
2524 2525
2528 2533
2539 2541
2542 2545
2546 2547
2550 2551
2552 2553
2554 2556
2557 2559
2560 2561
2563 2564
2566 2568
2571 2577
2579 2588
2589 2590
2591 2592
2595 2601
2602 2603
2604 2607
2608 2611
2613 2614
2616 2617
2618 2619
2621 2622
2623 2625
2627 2631
2632 2636
2637 2640
2641 2642
2643 2644
2645 2648
2649 2650
2652 2653
2656 2658
2663 2664
2668 2669
2674 2675
2677 2679
2680 2683
2685 2686
2688 2690
2691 2693
2696 2698
2701 2703
2704 2705
2706 2709
2710 2711
2714 2715
2716 2717
2718 2719
2721 2723
2724 2726
2727 2731
2732 2733
2736 2738
2740 2742
2745 2746
2747 2750
2753 2756
2758 2759
2760 2761
2763 2765
2767 2768
2769 2770
2771 2775
2780 2784
2786 2787
2788 2790
2791 2792
2795 2796
2797 2798
2799 2804
2807 2812
2817 2818
2820 2822
2823 2824
2827 2828
2830 2832
2837 2838
2839 2846
2852 2853
2854 2855
2856 2859
2861 2866
2868 2872
2873 2874
2877 2879
2880 2882
2884 2887
2888 2889
2890 2891
2896 2898
2900 2901
2903 2906
2907 2908
2909 2913
2915 2916
2917 2920
2925 2928
2930 2932
2933 2934
2935 2936
2942 2945
2947 2949
2950 2951
2953 2955
2956 2958
2959 2960
2962 2964
2965 2968
2970 2972
2973 2976
2977 2978
2979 2980
2982 2984
2988 2993
2997 3004
3005 3006
3007 3009
3011 3012
3014 3015
3019 3021
3022 3023
3025 3028
3029 3031
3032 3036
3039 3044
3050 3051
3052 3053
3055 3057
3058 3059
3060 3061
3062 3063
3064 3065
3066 3071
3072 3075
3076 3077
3078 3082
3083 3087
3088 3094
3095 3096
3097 3098
3100 3102
3103 3104
3107 3109
3111 3112
3113 3116
3117 3119
3120 3121
3123 3125
3127 3128
3129 3132
3133 3135
3136 3137
3139 3140
3144 3145
3146 3149
3152 3153
3154 3156
3158 3161
3165 3168
3169 3170
3172 3173
3175 3179
3180 3181
3182 3183
3184 3186
3192 3195
3197 3199
3200 3203
3204 3206
3207 3209
3210 3212
3214 3215
3216 3218
3221 3223
3225 3226
3228 3231
3232 3238
3240 3242
3243 3246
3249 3251
3252 3254
3255 3257
3262 3264
3267 3268
3271 3272
3274 3275
3276 3278
3281 3283
3285 3286
3287 3288
3289 3292
3294 3296
3305 3306
3307 3309
3310 3313
3316 3321
3322 3323
3326 3327
3328 3331
3333 3334
3335 3337
3338 3339
3340 3341
3342 3343
3344 3346
3347 3348
3349 3352
3353 3356
3357 3361
3363 3365
3366 3368
3369 3370
3372 3373
3376 3379
3380 3381
3383 3384
3387 3388
3390 3395
3396 3398
3399 3400
3406 3407
3409 3410
3411 3412
3414 3416
3417 3418
3419 3421
3423 3424
3425 3430
3431 3432
3433 3435
3436 3437
3438 3439
3443 3445
3446 3447
3448 3453
3456 3457
3460 3462
3463 3465
3468 3469
3472 3474
3476 3477
3478 3481
3490 3491
3493 3496
3497 3500
3503 3504
3506 3508
3510 3511
3514 3516
3517 3519
3523 3525
3527 3529
3530 3532
3535 3538
3540 3543
3544 3552
3553 3554
3555 3557
3558 3559
3560 3562
3563 3564
3566 3567
3569 3570
3571 3573
3574 3578
3579 3582
3587 3588
3590 3591
3592 3593
3594 3596
3597 3599
3602 3603
3604 3606
3607 3609
3610 3611
3612 3614
3615 3616
3618 3622
3623 3626
3627 3633
3634 3635
3636 3637
3638 3644
3645 3648
3650 3651
3656 3657
3659 3660
3663 3664
3668 3670
3673 3674
3675 3676
3680 3682
3684 3685
3686 3687
3689 3690
3691 3692
3693 3694
3696 3697
3701 3703
3704 3705
3709 3711
3712 3716
3719 3721
3722 3723
3725 3727
3731 3732
3733 3734
3735 3736
Ne.
719
1 2
7 8
11 13
15 17
19 21
26 27
29 33
34 37
38 39
41 45
47 48
49 52
53 56
57 58
59 61
62 65
66 67
69 74
76 79
81 82
84 85
86 89
90 91
92 93
96 99
100 102
103 104
105 106
108 111
112 115
120 121
122 124
125 126
128 129
135 137
142 147
149 150
153 155
157 158
162 164
165 166
175 176
177 179
181 182
183 184
185 187
188 189
190 191
192 195
202 204
207 208
209 210
211 212
217 220
221 222
223 225
226 227
228 229
232 235
238 240
241 244
245 247
248 255
256 262
264 265
266 267
271 272
275 276
277 279
283 284
286 289
293 294
296 297
299 300
301 303
305 309
311 312
313 314
315 316
317 318
321 323
325 327
329 330
332 335
336 337
341 343
345 351
352 353
356 359
368 369
370 372
374 375
379 380
381 382
384 387
388 394
396 397
400 401
402 404
408 409
410 414
416 417
419 421
423 424
425 426
428 429
431 432
436 437
439 440
441 442
443 444
447 448
449 451
452 458
461 464
465 470
472 474
476 477
479 481
482 483
484 488
489 490
492 494
495 496
498 499
503 506
507 510
512 513
515 517
519 522
529 531
532 533
535 537
538 539
544 546
547 549
551 552
553 554
558 560
562 563
566 567
571 572
574 575
578 579
581 582
584 585
587 588
589 592
594 595
600 601
602 603
604 605
608 612
613 616
617 618
619 622
623 624
631 634
635 638
645 646
647 648
649 650
652 654
657 659
660 662
663 664
668 671
673 675
676 677
678 685
686 691
692 694
697 699
700 703
708 709
710 712
715 716
717 719
722 724
726 731
732 738
742 745
747 749
750 752
753 756
758 761
768 769
770 771
772 774
775 776
788 789
792 795
797 798
799 803
806 810
811 812
816 817
820 821
830 836
840 841
842 844
845 850
851 852
853 856
858 859
860 863
864 867
868 870
871 875
876 877
878 879
882 884
885 887
889 891
892 895
898 899
900 901
902 903
905 906
907 908
910 912
913 914
915 918
919 920
922 924
926 927
934 939
940 941
942 943
945 947
952 953
955 958
962 963
964 965
970 971
973 981
982 984
987 992
999 1001
1002 1004
1005 1006
1008 1009
1010 1012
1013 1015
1016 1017
1018 1022
1024 1025
1026 1027
1028 1029
1030 1034
1040 1044
1045 1046
1053 1056
1061 1063
1066 1068
1069 1070
1071 1072
1073 1078
1081 1082
1084 1085
1086 1089
1094 1098
1102 1106
1109 1110
1111 1112
1114 1116
1118 1123
1124 1125
1126 1127
1134 1136
1137 1140
1141 1142
1146 1148
1152 1156
1157 1160
1161 1162
1164 1166
1167 1169
1170 1171
1175 1177
1181 1182
1184 1185
1186 1187
1188 1189
1191 1195
1198 1202
1206 1207
1209 1210
1211 1213
1214 1216
1217 1219
1220 1222
1223 1224
1226 1227
1228 1232
1233 1234
1240 1241
1242 1246
1249 1250
1251 1254
1255 1256
1259 1266
1268 1269
1270 1272
1274 1275
1277 1285
1287 1288
1290 1291
1292 1293
1298 1300
1301 1302
1303 1304
1307 1308
1312 1313
1314 1316
1320 1321
1322 1323
1328 1329
1330 1331
1334 1335
1337 1342
1343 1346
1347 1349
1352 1354
1355 1360
1361 1362
1363 1364
1365 1366
1367 1368
1369 1371
1372 1373
1374 1376
1378 1379
1381 1382
1383 1390
1394 1396
1398 1406
1407 1408
1410 1412
1416 1417
1420 1421
1422 1423
1424 1425
1429 1431
1439 1441
1442 1443
1449 1450
1451 1452
1455 1458
1464 1465
1470 1471
1472 1473
1476 1480
1482 1486
1487 1488
1494 1495
1496 1499
1501 1502
1504 1505
1508 1510
1511 1512
1513 1515
1516 1518
1522 1526
1528 1529
1530 1533
1535 1537
1540 1543
1544 1546
1548 1549
1550 1551
1552 1553
1556 1557
1559 1564
1566 1568
1570 1571
1572 1573
1575 1576
1580 1581
1583 1584
1586 1587
1588 1592
1593 1594
1595 1597
1603 1604
1605 1606
1609 1612
1613 1616
1618 1621
1624 1632
1634 1635
1637 1639
1641 1642
1644 1645
1646 1647
1648 1649
1650 1651
1652 1653
1654 1657
1660 1662
1663 1666
1667 1671
1672 1674
1675 1677
1680 1685
1688 1689
1692 1695
1700 1702
1704 1705
1710 1711
1712 1713
1714 1716
1720 1722
1723 1730
1732 1735
1736 1737
1738 1739
1740 1743
1744 1748
1751 1752
1753 1754
1757 1758
1759 1760
1765 1767
1768 1769
1770 1772
1773 1774
1775 1778
1780 1781
1782 1786
1787 1788
1791 1793
1795 1796
1797 1798
1799 1801
1803 1807
1809 1810
1811 1815
1816 1817
1819 1820
1821 1823
1825 1826
1827 1831
1832 1835
1837 1840
1842 1843
1847 1848
1851 1854
1856 1857
1858 1861
1863 1866
1870 1876
1877 1879
1884 1885
1887 1890
1891 1892
1893 1894
1903 1904
1906 1907
1908 1910
1911 1912
1913 1918
1919 1921
1924 1925
1926 1931
1933 1935
1938 1939
1941 1943
1945 1946
1947 1948
1950 1951
1954 1955
1957 1959
1960 1962
1964 1965
1966 1969
1970 1971
1973 1974
1976 1978
1980 1981
1982 1983
1985 1988
1989 1993
1994 1996
1998 2000
2002 2003
2009 2010
2012 2013
2015 2016
2017 2018
2020 2021
2022 2023
2026 2030
2032 2033
2034 2038
2042 2043
2046 2050
2052 2053
2055 2058
2061 2062
2065 2066
2067 2070
2077 2079
2082 2085
2087 2091
2092 2094
2096 2097
2103 2104
2107 2111
2112 2115
2120 2121
2122 2124
2126 2127
2129 2130
2134 2135
2140 2145
2146 2148
2149 2151
2152 2155
2157 2161
2163 2164
2166 2170
2171 2178
2179 2180
2181 2186
2192 2195
2198 2199
2201 2202
2204 2206
2207 2208
2209 2210
2213 2215
2216 2218
2219 2224
2225 2227
2228 2229
2232 2234
2237 2238
2239 2240
2245 2246
2247 2250
2253 2257
2259 2264
2266 2267
2269 2270
2271 2272
2275 2278
2281 2282
2283 2286
2287 2290
2291 2294
2298 2300
2301 2303
2304 2310
2312 2313
2317 2319
2320 2321
2323 2324
2325 2326
2328 2329
2335 2339
2341 2342
2344 2347
2349 2351
2352 2353
2354 2356
2358 2360
2361 2362
2364 2366
2367 2369
2371 2374
2376 2377
2378 2379
2384 2385
2387 2389
2390 2391
2392 2393
2396 2400
2401 2402
2406 2408
2409 2410
2411 2412
2414 2417
2420 2422
2424 2426
2428 2431
2433 2437
2438 2439
2441 2443
2444 2446
2447 2449
2451 2452
2453 2458
2462 2463
2465 2467
2469 2470
2473 2475
2476 2477
2479 2480
2481 2482
2485 2487
2488 2490
2492 2496
2499 2502
2510 2511
2512 2516
2519 2520
2521 2524
2525 2527
2528 2529
2530 2531
2540 2542
2543 2546
2547 2548
2549 2554
2556 2558
2560 2566
2568 2569
2574 2577
2580 2584
2585 2586
2589 2593
2595 2597
2602 2603
2606 2608
2610 2612
2616 2617
2618 2620
2624 2625
2626 2627
2628 2630
2631 2633
2636 2639
2644 2646
2647 2648
2649 2651
2653 2654
2655 2658
2662 2663
2664 2665
2666 2670
2672 2674
2675 2676
2677 2678
2680 2685
2686 2687
2688 2690
2692 2695
2697 2700
2701 2703
2709 2716
2717 2720
2721 2723
2724 2728
2729 2735
2736 2738
2739 2741
2742 2746
2748 2750
2751 2752
2758 2759
2761 2763
2768 2773
2775 2777
2778 2779
2780 2781
2783 2785
2792 2794
2796 2798
2800 2803
2808 2810
2811 2812
2814 2818
2820 2821
2822 2824
2825 2826
2828 2830
2831 2835
2838 2844
2845 2849
2854 2855
2856 2862
2864 2865
2866 2867
2870 2871
2873 2874
2875 2877
2881 2882
2885 2887
2888 2889
2891 2893
2894 2896
2897 2899
2900 2901
2902 2904
2906 2907
2908 2912
2913 2914
2915 2921
2925 2926
2927 2929
2931 2933
2934 2935
2937 2941
2943 2944
2950 2953
2957 2958
2960 2963
2964 2965
2967 2968
2970 2972
2973 2974
2975 2976
2977 2978
2979 2981
2983 2986
2987 2988
2992 2994
2995 2996
Ne.
513
1 2
5 6
7 10
13 14
15 20
21 22
23 24
26 27
28 29
30 37
41 42
43 46
47 49
50 52
53 55
57 61
62 64
69 71
72 74
75 76
77 78
79 80
82 84
85 87
88 89
90 91
92 97
103 107
108 109
110 111
112 113
116 118
119 123
125 128
129 130
134 135
136 137
138 139
140 143
144 146
153 155
156 158
159 160
165 166
167 168
169 171
172 174
175 176
179 180
181 182
187 189
190 192
194 196
202 205
207 208
209 210
211 212
215 216
217 218
224 228
230 231
237 238
240 241
242 243
244 246
247 248
251 252
253 258
260 264
266 267
268 269
272 273
274 275
277 279
280 281
283 284
285 290
292 293
295 299
300 302
303 304
305 312
314 315
317 319
322 323
324 325
326 328
334 337
346 347
348 349
353 354
355 357
359 360
367 368
373 374
375 377
379 380
381 382
383 384
385 386
387 390
392 395
397 398
404 407
408 411
416 417
418 422
425 427
428 429
432 434
436 437
438 440
441 442
445 450
451 452
453 458
462 466
470 471
473 474
476 479
483 488
489 492
493 494
495 496
498 499
501 504
505 510
512 514
516 520
523 524
526 528
529 530
531 534
535 537
538 541
542 544
546 548
549 550
553 554
555 557
558 559
560 563
564 565
566 567
568 573
574 575
576 578
580 581
584 585
586 588
590 592
595 597
600 603
607 608
609 610
612 613
617 619
620 625
628 631
633 635
636 639
641 643
645 646
648 649
652 654
657 658
663 664
665 666
667 668
669 670
671 672
673 674
675 677
678 679
680 681
682 683
687 688
690 691
694 695
696 698
700 702
705 707
708 709
710 712
713 719
723 725
726 728
730 731
733 734
735 736
738 742
744 745
747 748
751 753
756 757
759 766
767 768
770 771
772 773
774 775
776 777
780 781
783 784
787 788
789 790
792 794
797 798
802 803
804 807
808 809
810 816
817 819
820 822
824 825
826 832
833 834
841 843
845 846
847 851
853 857
858 859
860 863
864 865
867 868
869 870
873 875
877 880
881 883
884 888
889 891
892 900
902 903
906 913
914 917
919 920
922 923
925 926
929 933
935 937
939 940
941 944
945 947
948 951
952 955
957 958
959 961
966 969
972 978
981 982
983 984
985 986
988 989
990 992
993 998
999 1003
1004 1011
1013 1016
1019 1020
1021 1022
1023 1025
1026 1027
1028 1030
1033 1034
1035 1037
1039 1041
1042 1045
1046 1048
1049 1050
1051 1054
1055 1056
1062 1063
1064 1068
1069 1073
1077 1079
1080 1081
1083 1084
1085 1087
1088 1089
1090 1091
1092 1097
1098 1099
1100 1101
1102 1103
1104 1105
1111 1113
1116 1117
1118 1121
1127 1128
1131 1132
1134 1135
1137 1138
1139 1141
1142 1143
1144 1146
1147 1148
1149 1151
1152 1154
1156 1158
1160 1162
1165 1167
1170 1172
1178 1179
1183 1184
1185 1186
1190 1191
1192 1193
1195 1200
1202 1203
1209 1210
1211 1212
1216 1217
1219 1220
1222 1223
1224 1226
1232 1233
1234 1236
1239 1241
1244 1246
1247 1248
1249 1251
1252 1254
1259 1264
1266 1268
1270 1271
1272 1273
1275 1278
1279 1280
1283 1284
1288 1289
1290 1294
1296 1301
1310 1311
1312 1313
1317 1318
1320 1322
1323 1325
1326 1328
1330 1332
1334 1335
1339 1341
1346 1348
1349 1350
1352 1353
1354 1355
1357 1359
1363 1364
1365 1367
1370 1373
1375 1377
1380 1381
1382 1383
1386 1387
1391 1394
1395 1396
1397 1398
1399 1400
1403 1405
1407 1409
1412 1413
1414 1415
1416 1418
1420 1421
1422 1426
1427 1428
1429 1431
1434 1435
1444 1446
1447 1448
1450 1451
1452 1453
1455 1456
1457 1459
1461 1462
1464 1465
1470 1472
1476 1477
1479 1481
1482 1487
1488 1493
1494 1495
1498 1501
1502 1505
1508 1509
1511 1513
1515 1520
1522 1523
1527 1528
1529 1531
1532 1536
1537 1538
1541 1542
1545 1546
1547 1548
1549 1550
1551 1555
1557 1561
1562 1566
1568 1570
1572 1573
1575 1578
1583 1585
1586 1587
1589 1592
1594 1595
1596 1601
1604 1605
1606 1609
1610 1612
1613 1615
1621 1623
1624 1625
1626 1630
1632 1633
1635 1637
1638 1639
1640 1645
1646 1648
1649 1650
1651 1652
1653 1655
1657 1659
1662 1666
1667 1668
1669 1671
1673 1675
1676 1679
1681 1684
1686 1687
1688 1691
1692 1697
1699 1703
1705 1710
1711 1714
1718 1719
1720 1722
1725 1726
1731 1734
1737 1738
1740 1743
1744 1747
1748 1749
1750 1752
1753 1754
1758 1759
1760 1762
1763 1765
1766 1769
1770 1776
1777 1779
1781 1782
1783 1790
1796 1798
1799 1800
1801 1802
1804 1805
1807 1811
1815 1816
1817 1819
1820 1822
1825 1832
1835 1836
1838 1842
1843 1844
1847 1849
1854 1856
1859 1862
1865 1867
1868 1869
1871 1872
1873 1874
1875 1878
1879 1880
1884 1888
1889 1892
1895 1896
1899 1901
1902 1917
1918 1923
1924 1926
1927 1929
1930 1932
1933 1936
1937 1939
1941 1946
1948 1956
1957 1958
1960 1963
1965 1969
1970 1971
1974 1975
1979 1984
1987 1988
1992 1995
1996 1998
2001 2003
2009 2010
2012 2013
2015 2020
2022 2023
2025 2029
2031 2032
2037 2040
2041 2042
2043 2044
2048 2050
2052 2055
2057 2060
2061 2062
2064 2066
2067 2070
2073 2075
2076 2077
2078 2080
Ne.
745
2 6
8 10
13 15
16 19
21 22
24 27
28 29
31 33
35 38
41 44
47 49
52 53
54 58
59 61
62 63
64 65
66 67
69 71
72 74
76 77
78 82
83 84
87 88
89 91
93 95
97 98
101 105
109 111
113 115
116 118
120 121
122 123
124 128
129 131
133 135
136 137
139 140
141 143
144 146
148 149
150 151
152 153
154 155
156 158
160 163
164 166
168 169
173 175
176 181
184 187
188 192
194 195
198 201
203 204
205 208
213 214
216 217
219 220
221 225
227 228
229 231
233 234
235 237
238 239
241 242
243 246
247 251
252 253
254 257
258 265
269 272
275 276
277 281
283 285
286 287
288 289
290 291
292 293
294 295
296 297
299 306
308 309
311 312
313 314
315 316
320 321
322 323
324 326
327 329
330 333
334 335
336 337
339 342
344 345
350 351
352 354
356 357
360 362
363 365
366 369
372 373
374 375
376 377
378 379
380 383
384 385
386 387
390 391
392 396
397 398
399 401
402 407
409 410
412 413
415 420
421 423
424 427
428 433
434 435
438 439
441 443
447 449
450 451
452 453
454 455
457 461
465 466
469 470
471 472
474 475
477 481
482 484
487 490
491 492
493 495
497 499
501 502
503 507
508 513
514 517
518 520
522 524
525 531
533 535
536 538
539 540
543 544
545 548
549 551
556 557
558 560
561 565
567 569
571 573
574 575
576 577
578 579
580 582
587 588
589 590
591 596
598 599
600 601
607 609
610 612
614 616
617 618
619 621
624 625
626 630
632 635
636 637
638 642
646 647
649 651
652 654
656 658
659 660
661 662
663 665
668 670
671 672
673 674
676 678
682 684
686 691
694 703
704 706
708 712
716 717
718 722
724 728
729 731
732 733
734 735
736 738
743 745
748 752
755 756
757 758
761 762
766 768
770 771
772 773
774 775
776 778
779 780
781 783
786 787
788 789
790 791
792 793
795 797
799 803
804 805
806 807
808 809
810 811
812 813
820 821
826 832
833 834
835 836
837 840
843 848
850 852
854 857
858 859
860 863
870 872
873 874
876 877
878 882
883 885
887 889
890 898
901 902
903 909
911 914
919 920
922 925
927 928
929 930
932 936
939 941
942 943
945 949
950 951
952 955
956 959
960 962
966 969
970 972
975 978
980 983
984 988
989 990
991 994
995 996
997 998
999 1000
1003 1004
1005 1006
1007 1010
1011 1012
1015 1017
1018 1019
1020 1021
1022 1023
1025 1030
1033 1034
1036 1037
1038 1040
1041 1042
1046 1049
1051 1052
1059 1060
1061 1062
1063 1064
1068 1069
1070 1073
1075 1076
1078 1079
1081 1087
1089 1091
1092 1094
1096 1097
1098 1099
1101 1102
1103 1107
1110 1111
1113 1116
1118 1120
1123 1128
1129 1131
1132 1135
1136 1140
1142 1143
1151 1153
1157 1162
1164 1166
1167 1168
1176 1177
1180 1181
1183 1184
1185 1186
1187 1191
1192 1194
1195 1197
1199 1202
1203 1204
1205 1207
1208 1215
1216 1224
1229 1230
1231 1232
1233 1236
1239 1240
1244 1246
1247 1248
1252 1253
1256 1257
1258 1263
1264 1265
1266 1269
1271 1272
1274 1278
1279 1281
1283 1284
1288 1289
1290 1291
1292 1293
1294 1295
1296 1297
1300 1301
1304 1306
1307 1308
1311 1315
1319 1320
1323 1326
1327 1328
1329 1330
1336 1337
1338 1339
1342 1344
1345 1346
1348 1349
1351 1353
1355 1357
1358 1359
1361 1363
1364 1366
1370 1371
1372 1373
1374 1383
1384 1387
1388 1389
1393 1394
1397 1398
1399 1401
1402 1406
1409 1410
1412 1414
1417 1418
1419 1421
1425 1427
1429 1430
1437 1440
1441 1442
1444 1448
1449 1451
1452 1454
1456 1459
1460 1461
1462 1463
1468 1469
1471 1472
1474 1475
1480 1481
1483 1486
1487 1488
1489 1490
1493 1494
1495 1496
1498 1499
1500 1505
1506 1508
1509 1510
1513 1515
1516 1517
1518 1523
1529 1531
1538 1540
1541 1543
1545 1547
1549 1551
1553 1555
1557 1558
1559 1561
1562 1563
1564 1565
1570 1573
1574 1575
1577 1578
1583 1584
1585 1588
1594 1595
1596 1597
1599 1600
1603 1605
1606 1609
1613 1615
1616 1617
1619 1620
1622 1624
1625 1626
1627 1628
1632 1636
1641 1646
1647 1649
1651 1653
1654 1656
1659 1661
1662 1663
1669 1671
1672 1673
1675 1676
1677 1679
1680 1682
1683 1686
1687 1688
1690 1691
1692 1693
1696 1697
1699 1701
1704 1706
1707 1708
1712 1713
1714 1716
1717 1719
1721 1726
1727 1728
1729 1731
1735 1736
1737 1739
1740 1742
1743 1744
1745 1746
1747 1749
1750 1752
1754 1757
1759 1761
1763 1764
1765 1767
1770 1771
1772 1773
1774 1775
1777 1779
1781 1782
1786 1787
1788 1790
1791 1793
1794 1795
1796 1797
1799 1802
1803 1807
1809 1810
1811 1813
1815 1817
1818 1819
1820 1821
1825 1827
1828 1830
1837 1843
1845 1846
1847 1848
1849 1850
1853 1854
1855 1856
1857 1860
1861 1864
1866 1867
1868 1869
1870 1873
1874 1875
1877 1878
1879 1880
1883 1884
1885 1888
1893 1896
1900 1901
1906 1909
1916 1921
1922 1924
1925 1927
1928 1931
1932 1935
1936 1938
1942 1943
1944 1949
1950 1952
1954 1957
1959 1961
1962 1964
1968 1969
1970 1974
1976 1977
1978 1979
1983 1984
1986 1987
1988 1989
1990 1992
1993 1994
1998 1999
2002 2003
2005 2006
2007 2009
2014 2015
2016 2018
2020 2021
2022 2023
2025 2026
2027 2031
2032 2033
2038 2039
2040 2041
2043 2045
2047 2052
2055 2057
2058 2059
2060 2062
2064 2065
2067 2068
2071 2074
2075 2076
2077 2079
2080 2081
2082 2085
2086 2088
2090 2092
2093 2096
2097 2098
2099 2102
2104 2111
2114 2116
2122 2124
2125 2126
2130 2131
2132 2136
2138 2139
2140 2141
2144 2146
2148 2149
2150 2152
2153 2155
2159 2161
2162 2165
2166 2171
2173 2174
2175 2177
2182 2183
2185 2186
2187 2189
2190 2191
2194 2195
2196 2197
2198 2201
2202 2203
2206 2208
2211 2212
2213 2214
2216 2217
2218 2223
2224 2225
2227 2228
2231 2232
2233 2234
2236 2238
2248 2251
2252 2253
2254 2255
2256 2257
2259 2261
2263 2265
2267 2268
2269 2270
2271 2272
2273 2275
2276 2278
2279 2281
2282 2283
2284 2288
2289 2290
2291 2293
2295 2297
2298 2299
2303 2305
2307 2309
2310 2311
2313 2314
2315 2316
2319 2320
2321 2322
2324 2325
2327 2328
2329 2330
2331 2333
2335 2340
2341 2342
2346 2349
2350 2356
2359 2360
2362 2363
2365 2366
2367 2368
2370 2371
2374 2376
2377 2380
2382 2384
2387 2389
2390 2393
2394 2396
2397 2399
2400 2401
2404 2405
2406 2407
2409 2410
2411 2416
2418 2421
2423 2424
2427 2429
2430 2433
2434 2435
2437 2439
2440 2442
2446 2447
2448 2449
2450 2461
2462 2464
2468 2475
2476 2478
2479 2481
2483 2485
2487 2488
2489 2490
2491 2494
2496 2497
2502 2503
2504 2505
2507 2509
2511 2513
2514 2516
2517 2518
2519 2520
2521 2522
2528 2531
2535 2536
2538 2540
2541 2543
2544 2546
2548 2550
2551 2552
2554 2556
2557 2558
2562 2563
2564 2566
2568 2569
2570 2571
2572 2573
2574 2578
2579 2589
2591 2593
2594 2595
2596 2597
2598 2599
2600 2602
2603 2604
2605 2606
2611 2612
2613 2614
2615 2617
2618 2619
2622 2624
2625 2627
2629 2631
2632 2633
2635 2637
2638 2639
2640 2641
2643 2644
2647 2648
2649 2652
2653 2656
2659 2663
2664 2667
2668 2670
2673 2674
2675 2678
2679 2680
2684 2685
2689 2692
2693 2695
2697 2698
2702 2704
2705 2706
2707 2708
2710 2711
2712 2713
2714 2715
2717 2718
2720 2724
2726 2736
2740 2741
2744 2746
2748 2749
2750 2752
2755 2756
2757 2759
2760 2761
2762 2763
2767 2768
2769 2770
2772 2773
2775 2778
2781 2783
2785 2786
2788 2789
2790 2794
2798 2801
2803 2807
2808 2809
2812 2814
2815 2817
2819 2821
2823 2824
2826 2827
2828 2832
2833 2834
2837 2840
2843 2848
2849 2851
2852 2853
2854 2856
2857 2858
2859 2860
Ne.
580
0 2
4 6
7 8
15 17
18 19
23 24
27 29
31 34
37 38
39 40
44 45
47 49
52 53
56 57
58 59
61 62
63 64
66 68
69 71
72 74
78 79
80 81
82 85
93 94
97 98
102 105
107 108
111 112
113 115
117 118
119 120
122 125
126 128
132 133
135 136
138 139
140 144
148 149
150 151
153 154
155 156
157 160
163 166
167 168
169 170
173 177
178 179
183 184
188 189
190 192
194 195
200 201
202 203
204 207
211 212
214 215
216 220
221 223
225 226
229 232
234 236
239 241
242 244
247 249
253 254
255 257
259 261
265 266
267 270
278 279
282 285
288 291
292 293
295 297
300 303
306 307
310 311
319 320
322 323
324 326
327 328
331 333
335 338
340 341
343 344
346 347
349 350
351 353
355 359
363 365
367 372
374 377
379 381
382 384
385 386
387 388
391 392
393 394
398 401
402 403
404 405
408 409
410 414
415 419
421 423
425 426
428 432
434 437
441 442
444 445
447 449
450 452
455 457
459 460
461 462
463 464
465 468
471 472
478 479
480 483
484 485
487 488
490 493
496 499
500 502
507 510
514 515
516 517
518 520
522 524
525 526
527 528
530 535
536 537
538 542
543 548
549 550
551 552
553 555
556 560
562 563
565 567
568 569
570 571
572 574
576 577
578 579
580 581
583 586
587 590
591 593
594 597
598 601
605 607
608 610
611 616
617 618
619 620
621 628
630 632
636 637
638 640
642 646
647 648
649 650
653 654
656 658
660 663
664 665
666 668
671 672
673 674
676 679
680 683
684 685
686 687
688 689
691 692
696 697
699 700
702 703
705 708
709 712
717 718
720 724
725 726
729 731
733 734
735 738
742 743
744 745
746 748
751 753
754 755
756 758
761 765
767 769
770 773
774 775
776 779
780 782
783 785
790 792
793 795
797 798
801 805
806 807
809 810
812 815
816 818
822 823
825 827
829 834
840 841
842 843
844 846
847 848
850 851
852 855
857 859
861 863
866 868
870 872
873 882
884 886
888 891
893 895
896 902
904 905
908 911
914 915
917 919
920 921
925 927
928 931
936 938
940 941
943 945
947 948
951 952
955 957
959 963
965 969
970 971
974 976
977 979
980 981
983 984
986 991
992 995
1000 1005
1012 1014
1016 1017
1018 1021
1022 1023
1027 1030
1032 1035
1036 1040
1045 1048
1049 1052
1053 1054
1055 1058
1061 1063
1064 1066
1068 1072
1073 1080
1081 1082
1083 1088
1089 1090
1091 1094
1100 1102
1104 1105
1106 1107
1111 1114
1118 1119
1120 1125
1127 1131
1132 1133
1135 1136
1140 1145
1146 1148
1149 1151
1154 1155
1156 1158
1162 1163
1165 1166
1169 1170
1173 1174
1175 1177
1179 1181
1182 1183
1185 1189
1192 1193
1195 1197
1199 1200
1201 1203
1204 1206
1208 1210
1211 1212
1213 1216
1217 1218
1220 1228
1231 1234
1235 1239
1240 1241
1244 1245
1248 1250
1252 1253
1254 1255
1257 1260
1261 1266
1268 1270
1274 1276
1277 1278
1279 1282
1283 1284
1285 1287
1288 1291
1296 1299
1301 1303
1305 1307
1311 1312
1316 1317
1318 1320
1325 1327
1328 1329
1330 1331
1336 1338
1342 1343
1344 1347
1348 1349
1352 1353
1355 1356
1360 1361
1363 1365
1366 1367
1368 1369
1370 1376
1377 1381
1383 1384
1387 1388
1391 1393
1394 1396
1399 1401
1402 1407
1408 1409
1410 1411
1412 1413
1415 1417
1418 1419
1420 1423
1428 1429
1430 1431
1432 1435
1437 1438
1442 1443
1444 1445
1447 1450
1451 1452
1453 1455
1456 1457
1459 1461
1462 1465
1466 1468
1470 1471
1472 1473
1474 1478
1479 1480
1481 1482
1483 1484
1486 1487
1495 1498
1499 1500
1501 1504
1505 1506
1508 1512
1517 1520
1521 1522
1523 1525
1526 1528
1529 1533
1536 1540
1541 1542
1544 1545
1548 1552
1554 1555
1556 1564
1566 1567
1568 1571
1572 1573
1574 1575
1576 1580
1583 1584
1585 1586
1587 1588
1589 1590
1593 1594
1595 1599
1601 1602
1605 1606
1608 1609
1610 1611
1612 1613
1614 1615
1616 1617
1618 1620
1621 1622
1625 1626
1630 1633
1642 1643
1644 1645
1648 1649
1650 1653
1654 1665
1666 1668
1671 1672
1673 1674
1675 1680
1685 1687
1689 1691
1693 1694
1695 1697
1698 1703
1705 1706
1707 1709
1710 1712
1714 1715
1716 1717
1718 1719
1720 1722
1723 1724
1726 1727
1729 1730
1733 1734
1736 1737
1747 1748
1749 1753
1754 1757
1760 1761
1767 1769
1772 1774
1775 1780
1782 1783
1784 1785
1787 1788
1789 1790
1791 1792
1795 1796
1798 1800
1801 1802
1806 1807
1808 1809
1810 1811
1812 1814
1817 1818
1819 1822
1824 1827
1828 1829
1830 1832
1833 1836
1837 1839
1845 1847
1850 1852
1853 1854
1856 1857
1860 1861
1863 1866
1867 1871
1872 1873
1875 1876
1878 1880
1881 1884
1886 1891
1894 1896
1899 1900
1902 1903
1906 1907
1910 1911
1914 1918
1919 1927
1930 1933
1936 1939
1941 1942
1945 1946
1947 1951
1954 1955
1956 1958
1959 1960
1962 1963
1965 1966
1967 1969
1970 1971
1972 1973
1975 1976
1977 1978
1980 1981
1987 1989
1990 1991
1994 1997
1998 1999
2001 2002
2003 2004
2005 2011
2012 2014
2015 2016
2017 2023
2025 2029
2031 2034
2040 2042
2043 2046
2049 2051
2053 2057
2058 2062
2063 2068
2070 2071
2072 2073
2074 2079
2080 2081
2085 2088
2089 2090
2091 2093
2095 2096
2097 2099
2100 2102
2104 2107
2109 2112
2113 2114
2115 2119
2120 2122
2124 2128
2134 2136
2138 2141
2146 2147
2149 2150
2151 2152
2153 2154
2155 2156
2157 2161
2164 2165
2168 2169
2174 2175
2176 2177
2183 2184
2185 2186
2187 2189
2193 2195
2198 2199
2202 2203
2206 2207
2210 2214
2218 2219
2221 2222
2223 2226
2228 2230
2236 2237
2239 2240
2241 2243
2246 2250
2251 2253
2255 2258
2261 2262
2264 2265
2266 2267
2269 2273
2274 2276
2277 2279
2281 2283
2284 2287
2288 2289
2291 2296
2299 2300
2302 2303
2313 2314
2315 2316
2320 2322
2324 2325
2329 2330
2331 2334
2336 2337
2338 2340