100 2000
0 0
1 1
2 2
3 3
4 4
5 5
6 6
7 7
8 8
9 9
10 10
11 11
12 12
13 13
14 14
15 15
16 16
17 17
18 18
19 19
20 20
21 21
22 22
23 23
24 24
25 25
26 26
27 27
28 28
29 29
30 30
31 31
32 32
33 33
34 34
35 35
36 36
37 37
38 38
39 39
40 40
41 41
42 42
43 43
44 44
45 45
46 46
47 47
48 48
49 49
50 50
51 51
52 52
53 53
54 54
55 55
56 56
57 57
58 58
59 59
60 60
61 61
62 62
63 63
64 64
65 65
66 66
67 67
68 68
69 69
70 70
71 71
72 72
73 73
74 74
75 75
76 76
77 77
78 78
79 79
80 80
81 81
82 82
83 83
84 84
85 85
86 86
87 87
88 88
89 89
90 90
91 91
92 92
93 93
94 94
95 95
96 96
97 97
98 98
99 99
0 1 43
1 1 75
2 1 44
3 2 48 93
4 5 5 1 76 17 37
5 5 24 64 59 98 40
6 1 59
7 3 2 38 97
8 3 61 67 49
9 4 49 77 24 34
10 1 3
11 2 83 88
12 1 57
13 2 77 60
14 1 60
15 4 42 2 89 48
16 1 57
17 4 16 5 65 28
18 1 62
19 4 36 14 82 69
20 2 85 13
21 3 91 50 40
22 4 75 73 28 58
23 3 47 40 17
24 5 32 77 27 9 19
25 1 90
26 3 56 43 77
27 3 61 58 89
28 5 38 96 98 51 93
29 4 54 1 88 38
30 3 18 58 60
31 4 34 32 71 87
32 4 43 80 7 18
33 4 17 3 30 68
34 4 69 57 93 84
35 3 20 25 46
36 2 2 18
37 3 53 76 59
38 4 2 62 17 21
39 3 62 58 65
40 5 14 8 94 45 84
41 4 80 45 49 40
42 1 40
43 4 72 15 1 59
44 5 94 90 69 97 95
45 2 74 95
46 1 36
47 2 7 18
48 4 8 90 4 87
49 4 67 36 77 4
50 5 36 59 11 71 61
51 5 77 86 9 37 92
52 1 7
53 2 9 76
54 4 15 54 90 1
55 3 78 65 68
56 5 57 32 23 73 93
57 1 50
58 3 27 27 13
59 1 82
60 4 46 73 88 44
61 2 70 76
62 3 44 21 61
63 3 95 23 46
64 2 16 44
65 1 97
66 5 14 85 34 28 36
67 1 64
68 2 74 15
69 2 1 96
70 5 96 0 19 63 47
71 3 53 89 2
72 1 87
73 1 77
74 5 70 13 90 81 4
75 2 79 11
76 1 82
77 5 92 83 99 60 26
78 4 44 30 90 94
79 3 99 55 86
80 3 7 16 56
81 1 6
82 2 74 99
83 2 8 5
84 2 39 81
85 3 47 37 99
86 5 89 21 24 4 20
87 2 4 12
88 2 43 34
89 2 54 34
90 5 78 7 85 74 24
91 5 13 20 66 60 42
92 5 63 21 67 41 93
93 4 54 2 19 2
94 1 78
95 1 26
96 3 44 43 76
97 3 0 84 99
98 5 6 37 32 28 3
99 3 26 35 71
100 3 47 33 80
101 5 27 94 81 66 25
102 4 51 45 47 50
103 2 28 55
104 5 27 84 79 10 14
105 2 13 9
106 1 78
107 2 14 6
108 2 79 34
109 4 42 74 5 25
110 2 21 11
111 1 38
112 2 14 36
113 1 99
114 3 12 12 66
115 2 44 97
116 1 56
117 2 3 0
118 1 59
119 1 8
120 2 70 42
121 4 27 83 15 14
122 4 87 33 52 22
123 4 23 16 39 7
124 4 4 43 49 54
125 2 18 54
126 4 43 32 6 96
127 1 28
128 5 82 1 2 26 53
129 3 70 26 81
130 1 53
131 3 56 79 41
132 2 69 68
133 5 50 97 83 57 11
134 2 56 80
135 2 17 34
136 4 1 93 89 60
137 2 6 32
138 5 77 87 58 84 66
139 3 25 23 8
140 2 30 52
141 2 17 67
142 3 10 64 2
143 2 50 33
144 1 86
145 5 79 6 47 67 58
146 3 56 85 60
147 3 54 12 32
148 3 70 88 41
149 1 91
150 2 63 95
151 4 56 94 11 64
152 5 38 91 74 17 5
153 3 67 25 33
154 3 95 16 63
155 2 24 51
156 4 71 65 20 94
157 4 9 45 22 39
158 1 4
159 2 55 1
160 3 6 78 80
161 2 45 85
162 5 78 5 37 90 66
163 4 32 68 39 8
164 4 24 94 65 84
165 4 11 54 64 11
166 5 37 62 40 40 74
167 3 10 65 3
168 5 28 87 65 28 0
169 3 80 52 10
170 3 49 43 68
171 4 50 10 48 45
172 1 24
173 2 71 66
174 2 90 77
175 3 3 9 59
176 2 53 62
177 1 57
178 4 11 5 98 73
179 5 29 63 37 39 58
180 1 73
181 3 50 46 83
182 5 1 16 49 18 7
183 5 8 74 7 9 37
184 5 31 13 15 48 1
185 2 98 42
186 1 92
187 3 95 54 21
188 4 28 46 52 83
189 4 9 80 67 13
190 4 72 21 68 57
191 3 9 52 67
192 2 2 20
193 3 55 0 42
194 3 44 74 64
195 2 30 13
196 4 17 16 49 77
197 3 1 71 95
198 3 40 4 21
199 5 23 58 79 9 77
200 3 14 61 86
201 1 4
202 4 22 21 13 1
203 1 97
204 5 28 68 93 31 23
205 2 26 6
206 3 85 25 76
207 4 13 21 83 51
208 4 44 30 54 9
209 3 91 1 86
210 2 66 82
211 1 74
212 2 22 24
213 1 7
214 2 22 71
215 3 79 42 86
216 1 93
217 1 82
218 4 52 95 20 85
219 1 32
220 1 78
221 3 69 75 62
222 3 2 50 10
223 5 81 83 4 33 44
224 3 10 11 35
225 4 91 73 87 36
226 2 79 29
227 3 80 16 45
228 2 44 70
229 3 36 44 89
230 5 6 4 79 95 96
231 2 30 21
232 2 98 17
233 3 46 72 85
234 3 12 56 43
235 2 44 69
236 3 59 34 29
237 1 62
238 2 46 72
239 3 37 85 56
240 1 69
241 3 19 30 23
242 3 5 1 47
243 3 81 92 34
244 1 31
245 1 76
246 3 32 35 0
247 1 52
248 3 74 25 75
249 5 76 19 31 55 69
250 5 10 34 62 99 85
251 5 14 34 60 71 14
252 3 5 56 17
253 5 18 56 84 52 62
254 1 2
255 3 26 33 52
256 3 79 83 56
257 3 27 35 28
258 4 66 27 39 91
259 3 78 81 43
260 5 82 67 34 21 42
261 2 22 76
262 3 31 53 9
263 4 40 59 36 55
264 4 60 97 97 12
265 5 63 70 45 38 95
266 1 17
267 2 37 43
268 1 35
269 1 2
270 4 73 35 6 9
271 4 25 24 51 31
272 3 72 80 28
273 4 42 63 25 78
274 5 73 6 11 30 56
275 5 71 7 39 66 35
276 1 76
277 2 18 19
278 5 15 93 38 98 53
279 2 35 11
280 5 20 98 25 30 78
281 4 3 36 67 6
282 5 30 81 8 25 90
283 1 11
284 5 72 12 91 54 98
285 1 66
286 2 87 56
287 2 50 95
288 3 13 7 57
289 5 52 58 14 97 0
290 5 59 69 69 68 4
291 1 4
292 5 78 23 22 33 87
293 5 71 56 87 27 42
294 1 18
295 5 43 52 10 21 1
296 1 46
297 4 40 16 85 31
298 1 40
299 5 97 39 75 31 89
300 2 24 48
301 4 40 73 68 98
302 1 43
303 4 10 25 92 91
304 2 37 38
305 4 99 33 27 46
306 1 44
307 4 27 20 88 53
308 5 56 46 35 43 47
309 5 96 49 26 98 80
310 2 34 10
311 5 29 26 44 30 10
312 2 14 19
313 1 68
314 1 84
315 3 44 57 61
316 3 69 30 39
317 4 37 74 30 18
318 2 96 72
319 1 15
320 2 42 4
321 4 42 84 57 64
322 5 69 75 32 85 73
323 1 27
324 4 11 45 0 51
325 4 55 29 92 63
326 3 28 23 57
327 1 67
328 4 1 50 54 21
329 2 36 19
330 5 62 59 52 46 66
331 5 99 18 93 25 3
332 5 22 61 40 52 53
333 5 6 80 63 63 58
334 2 74 10
335 5 41 74 32 18 54
336 1 97
337 1 40
338 2 10 43
339 3 56 85 62
340 4 87 31 42 88
341 3 75 87 39
342 1 7
343 1 3
344 5 33 15 85 85 84
345 5 29 31 65 29 19
346 4 49 0 77 7
347 3 75 38 55
348 5 97 65 72 66 26
349 5 25 16 74 41 22
350 2 60 50
351 5 20 30 56 69 66
352 2 61 31
353 5 12 95 11 11 10
354 4 72 4 76 3
355 3 61 60 97
356 4 81 20 91 13
357 4 71 38 98 48
358 5 65 56 20 26 88
359 2 10 43
360 2 78 17
361 4 48 24 20 1
362 4 6 91 19 43
363 2 62 28
364 2 91 2
365 4 29 0 59 95
366 1 95
367 4 7 23 46 55
368 5 27 13 8 14 52
369 5 40 54 90 62 60
370 3 35 10 76
371 2 59 36
372 1 80
373 2 38 56
374 4 62 34 37 40
375 2 52 86
376 3 95 41 36
377 1 78
378 3 25 8 24
379 1 16
380 2 98 27
381 2 21 38
382 2 40 70
383 5 88 54 52 4 17
384 2 63 39
385 4 11 10 71 53
386 4 59 64 95 27
387 5 13 57 63 15 45
388 2 9 77
389 2 15 38
390 4 31 66 55 41
391 3 53 12 51
392 3 51 77 13
393 2 33 52
394 4 86 85 85 14
395 5 68 42 17 90 21
396 4 74 59 26 53
397 5 78 58 23 32 91
398 4 12 14 95 16
399 5 30 17 8 28 56
400 5 9 4 12 84 56
401 1 93
402 3 39 52 94
403 4 93 7 46 39
404 4 76 26 34 7
405 5 68 97 17 89 38
406 4 64 4 7 5
407 5 37 29 86 4 25
408 1 25
409 4 0 21 40 65
410 5 21 29 53 43 92
411 3 43 18 90
412 1 4
413 3 5 3 8
414 2 80 66
415 4 25 34 48 8
416 1 90
417 2 33 44
418 1 72
419 3 94 49 15
420 2 93 15
421 3 1 14 79
422 1 86
423 1 76
424 5 95 99 65 0 7
425 5 26 71 31 65 52
426 2 21 46
427 5 27 38 29 71 72
428 5 37 29 34 72 47
429 2 98 54
430 2 27 47
431 1 47
432 2 16 89
433 4 31 53 35 57
434 1 30
435 3 85 78 35
436 3 2 85 86
437 4 75 14 99 7
438 3 81 83 62
439 2 76 0
440 2 42 84
441 2 2 82
442 2 94 95
443 3 82 35 82
444 5 72 37 10 98 17
445 4 25 28 30 67
446 5 77 18 26 2 49
447 2 66 88
448 4 26 74 81 85
449 3 94 28 44
450 1 67
451 3 20 87 56
452 5 75 22 27 62 82
453 1 20
454 3 9 68 99
455 3 44 38 99
456 5 83 1 69 91 21
457 4 16 51 61 96
458 5 39 88 37 3 29
459 4 28 68 38 5
460 1 71
461 1 23
462 4 99 1 78 50
463 3 45 90 79
464 2 36 52
465 5 86 38 22 46 70
466 2 39 91
467 3 28 58 65
468 4 38 21 78 4
469 5 53 80 13 62 94
470 3 52 44 38
471 3 9 55 42
472 5 38 63 43 94 2
473 5 45 48 45 59 9
474 4 82 71 50 41
475 3 55 4 37
476 2 67 38
477 3 93 40 82
478 5 11 49 76 24 15
479 2 40 6
480 2 24 88
481 3 91 82 50
482 3 3 0 13
483 1 1
484 1 39
485 2 46 81
486 5 67 98 63 12 6
487 4 44 19 29 72
488 5 52 49 44 85 66
489 1 28
490 2 29 81
491 5 79 53 4 75 40
492 3 58 60 59
493 2 32 45
494 5 15 36 34 51 7
495 3 83 68 10
496 3 19 14 34
497 5 29 98 34 78 8
498 3 41 84 93
499 5 87 57 92 48 58
500 3 14 71 82
501 3 55 21 11
502 3 33 76 64
503 4 40 34 16 28
504 3 77 23 68
505 1 60
506 1 19
507 5 27 44 57 43 13
508 4 74 28 14 37
509 5 28 24 31 9 41
510 2 22 79
511 3 57 7 23
512 1 0
513 4 98 79 62 77
514 2 14 61
515 4 25 33 16 16
516 4 2 92 7 46
517 1 37
518 2 42 77
519 3 75 38 61
520 5 36 17 23 48 82
521 4 43 16 56 83
522 5 96 71 14 23 5
523 3 5 85 38
524 5 15 25 4 16 38
525 2 56 96
526 3 92 90 85
527 5 67 33 6 27 96
528 2 82 60
529 5 25 79 20 27 8
530 1 45
531 1 59
532 2 2 9
533 3 85 58 74
534 5 33 7 81 74 80
535 2 95 70
536 3 19 98 31
537 2 48 1
538 4 77 43 20 70
539 5 26 46 68 53 57
540 4 37 73 5 48
541 3 65 71 36
542 1 38
543 5 4 13 49 17 66
544 3 57 88 40
545 1 95
546 5 70 51 63 60 61
547 3 49 58 8
548 4 35 67 90 59
549 1 95
550 5 2 36 0 29 69
551 2 10 13
552 1 76
553 3 82 78 54
554 4 8 29 90 17
555 2 33 57
556 4 56 18 88 53
557 5 95 20 68 82 3
558 2 77 60
559 1 44
560 4 4 83 36 53
561 4 90 61 36 99
562 2 77 78
563 3 4 80 58
564 2 47 76
565 5 86 95 23 24 93
566 4 88 79 7 45
567 2 49 86
568 3 53 89 38
569 2 63 38
570 1 97
571 5 83 63 39 65 18
572 5 3 8 92 15 21
573 5 11 70 66 36 85
574 3 72 29 11
575 5 80 98 40 85 81
576 3 70 36 42
577 1 65
578 3 3 30 95
579 1 24
580 3 40 65 33
581 3 93 54 43
582 5 45 25 36 34 88
583 5 87 91 91 58 44
584 1 88
585 5 35 19 66 88 95
586 5 29 86 15 14 98
587 5 43 44 22 74 39
588 5 62 99 38 28 48
589 2 98 9
590 3 60 90 72
591 3 75 2 76
592 3 52 57 75
593 1 89
594 3 97 25 16
595 1 29
596 3 34 27 97
597 4 86 16 50 11
598 1 78
599 5 79 75 44 97 61
600 1 73
601 2 71 21
602 1 10
603 2 44 75
604 3 35 20 79
605 5 71 38 70 7 13
606 4 20 32 19 9
607 1 64
608 3 15 18 0
609 4 27 21 33 8
610 3 4 68 50
611 1 0
612 3 52 61 52
613 4 5 18 67 30
614 2 12 47
615 1 39
616 2 67 6
617 5 88 92 84 77 19
618 3 12 19 92
619 3 21 35 33
620 2 3 73
621 2 31 46
622 3 38 10 70
623 1 0
624 3 9 3 16
625 5 51 92 47 62 6
626 1 51
627 1 90
628 5 50 90 83 98 98
629 3 4 58 43
630 5 18 61 28 50 0
631 2 0 71
632 2 70 86
633 3 54 16 8
634 2 16 22
635 1 53
636 3 53 93 5
637 5 98 51 68 6 6
638 5 54 21 45 61 94
639 2 21 25
640 5 32 40 98 44 59
641 3 53 29 50
642 2 57 0
643 4 10 73 8 68
644 5 9 91 26 26 37
645 2 46 96
646 4 51 45 2 0
647 3 27 30 24
648 3 67 73 12
649 4 12 77 5 44
650 1 82
651 5 34 21 69 82 79
652 4 47 94 35 7
653 3 38 82 58
654 4 46 14 13 54
655 1 99
656 1 61
657 5 65 78 72 25 0
658 2 14 24
659 5 35 21 88 8 23
660 5 66 47 96 5 61
661 2 22 33
662 3 46 36 93
663 4 58 61 66 19
664 5 9 92 68 80 82
665 1 99
666 4 77 66 76 6
667 5 38 81 70 79 99
668 2 87 80
669 1 28
670 5 93 48 1 60 30
671 1 88
672 3 26 26 0
673 1 77
674 3 25 29 4
675 3 90 8 57
676 2 71 48
677 2 25 80
678 4 72 88 35 55
679 4 11 94 60 27
680 4 28 73 40 46
681 2 10 17
682 4 74 59 89 44
683 1 87
684 4 50 76 38 72
685 4 7 32 84 79
686 2 86 83
687 3 45 54 83
688 5 41 73 86 98 91
689 4 55 75 45 73
690 4 37 66 27 63
691 5 60 46 68 90 39
692 1 0
693 5 22 12 37 11 69
694 3 28 57 26
695 5 32 24 12 40 92
696 3 41 20 57
697 2 77 8
698 1 30
699 3 33 98 89
700 2 98 32
701 5 44 83 73 11 20
702 1 81
703 1 69
704 1 66
705 3 47 73 74
706 2 68 93
707 3 58 81 72
708 4 33 63 40 29
709 5 32 12 66 46 64
710 5 2 81 91 1 98
711 1 37
712 4 47 81 55 95
713 5 10 61 89 98 98
714 2 85 77
715 5 33 87 11 87 86
716 3 13 72 76
717 4 15 39 42 61
718 2 11 9
719 4 66 14 9 57
720 4 76 13 16 26
721 5 80 39 71 27 61
722 1 48
723 5 91 59 30 71 26
724 3 94 60 61
725 1 33
726 2 0 20
727 2 81 71
728 2 58 73
729 1 83
730 1 63
731 1 39
732 5 36 61 84 64 89
733 5 17 39 46 34 95
734 1 67
735 4 24 45 77 67
736 1 62
737 4 66 45 75 29
738 1 64
739 5 61 39 63 3 43
740 4 73 93 27 53
741 4 6 11 25 52
742 5 67 30 24 53 67
743 2 89 15
744 2 82 22
745 1 80
746 3 93 20 50
747 4 32 67 7 41
748 2 24 95
749 3 69 19 26
750 4 93 93 78 41
751 4 95 91 36 14
752 2 23 25
753 3 25 11 91
754 1 69
755 1 92
756 3 13 73 75
757 2 60 56
758 4 33 11 31 52
759 3 48 99 64
760 1 88
761 4 61 82 42 80
762 1 51
763 1 2
764 5 15 67 27 89 79
765 1 60
766 2 75 80
767 5 68 5 16 58 9
768 4 32 71 93 46
769 1 66
770 4 4 94 61 0
771 5 60 47 20 48 70
772 4 35 95 69 85
773 1 93
774 2 46 51
775 4 31 90 99 94
776 5 37 4 89 55 64
777 5 24 7 93 35 62
778 5 74 70 89 94 13
779 3 51 86 38
780 3 5 8 22
781 2 24 67
782 1 26
783 1 86
784 5 87 51 91 65 97
785 2 71 99
786 3 67 33 19
787 3 41 22 22
788 4 42 40 66 12
789 4 51 49 22 79
790 4 70 27 28 44
791 1 98
792 4 99 22 82 61
793 4 38 98 86 53
794 3 23 79 45
795 4 86 97 90 18
796 2 1 97
797 5 40 83 77 68 91
798 5 78 51 4 93 48
799 5 15 36 75 9 34
800 5 22 61 86 66 68
801 3 54 27 36
802 3 22 21 61
803 4 37 83 4 64
804 5 29 86 65 89 36
805 5 66 92 10 28 61
806 2 22 71
807 2 19 6
808 5 5 59 29 22 85
809 2 36 57
810 5 3 27 85 89 32
811 1 99
812 5 0 60 96 20 19
813 3 6 28 49
814 3 92 55 73
815 5 11 7 97 21 68
816 2 94 40
817 2 95 6
818 2 51 19
819 5 41 82 68 9 75
820 1 99
821 4 75 73 45 82
822 4 57 7 80 20
823 5 32 88 33 63 7
824 4 58 25 74 43
825 5 86 4 80 3 49
826 1 56
827 4 64 94 36 78
828 3 9 83 94
829 4 8 70 8 85
830 1 52
831 2 11 3
832 1 62
833 5 45 50 8 53 20
834 2 40 96
835 1 96
836 1 71
837 1 39
838 1 57
839 3 8 65 28
840 4 2 81 10 93
841 3 28 88 25
842 2 98 95
843 1 9
844 3 14 59 35
845 3 57 22 3
846 1 77
847 2 27 23
848 3 58 19 39
849 1 31
850 1 53
851 5 41 49 84 9 83
852 1 28
853 4 40 96 75 70
854 2 1 82
855 3 2 66 15
856 4 15 47 15 61
857 3 59 55 51
858 1 38
859 4 23 23 90 76
860 1 80
861 4 23 60 58 29
862 2 22 35
863 3 13 56 7
864 2 53 17
865 2 7 31
866 4 6 15 45 17
867 5 54 98 32 47 26
868 2 60 33
869 1 95
870 2 90 2
871 5 23 41 51 88 16
872 4 42 87 14 79
873 4 27 88 90 4
874 5 47 93 57 19 7
875 4 17 45 89 2
876 2 88 15
877 4 93 69 3 8
878 1 9
879 5 19 88 19 40 63
880 1 16
881 5 61 58 3 37 78
882 3 0 76 36
883 5 74 93 51 72 82
884 2 2 42
885 5 61 74 20 18 29
886 5 44 42 17 72 55
887 2 34 2
888 3 63 65 63
889 4 72 79 75 26
890 3 19 87 59
891 5 86 60 31 81 74
892 4 63 88 69 7
893 3 73 73 50
894 3 26 3 32
895 2 48 18
896 5 31 52 89 23 6
897 3 84 84 26
898 2 19 40
899 4 60 74 17 38
900 1 4
901 1 7
902 3 14 46 90
903 5 89 46 94 88 15
904 2 34 91
905 4 86 18 21 29
906 5 16 5 18 6 74
907 2 39 26
908 4 38 39 7 66
909 4 84 63 80 49
910 2 46 87
911 5 28 33 60 54 25
912 3 47 95 40
913 3 6 1 97
914 2 14 21
915 2 45 17
916 5 1 34 3 61 81
917 2 8 71
918 5 11 98 12 35 48
919 3 75 68 85
920 4 67 17 52 47
921 2 87 10
922 4 90 44 85 78
923 2 85 38
924 2 20 31
925 4 41 46 43 69
926 1 47
927 2 64 90
928 2 36 23
929 2 57 54
930 1 19
931 4 20 37 97 35
932 5 94 25 89 34 46
933 5 70 94 20 6 66
934 1 45
935 1 73
936 5 56 15 49 6 36
937 5 89 40 95 95 58
938 4 3 34 70 51
939 1 64
940 1 18
941 3 70 57 50
942 3 47 55 60
943 3 17 94 80
944 3 24 40 38
945 2 62 28
946 3 75 46 19
947 2 78 58
948 2 57 12
949 2 61 83
950 2 54 76
951 5 44 76 31 57 26
952 4 54 20 27 78
953 5 25 84 77 10 78
954 3 73 87 74
955 2 19 56
956 3 13 83 28
957 1 91
958 1 63
959 2 97 73
960 4 37 36 8 31
961 3 72 71 49
962 3 92 71 27
963 5 91 34 6 5 40
964 2 13 45
965 4 54 47 81 95
966 5 87 8 92 2 70
967 3 16 3 49
968 1 19
969 5 89 14 15 39 57
970 1 0
971 1 55
972 3 97 10 37
973 2 60 66
974 2 18 66
975 5 97 4 94 34 76
976 1 63
977 2 10 31
978 5 14 91 89 71 7
979 2 71 28
980 5 97 50 82 17 41
981 1 43
982 3 91 82 60
983 2 58 25
984 2 77 56
985 4 67 22 67 85
986 5 47 9 13 81 43
987 2 20 4
988 3 79 58 95
989 3 45 1 53
990 2 44 28
991 5 41 45 55 76 22
992 4 26 63 98 31
993 5 17 38 75 20 89
994 4 92 78 20 58
995 1 54
996 4 56 17 61 47
997 5 55 97 41 52 82
998 2 35 0
999 2 56 6
1000 5 76 27 51 33 69
1001 1 20
1002 4 4 37 4 43
1003 5 48 37 5 8 56
1004 3 59 55 61
1005 5 78 56 37 84 15
1006 5 39 66 40 21 34
1007 5 58 89 79 12 3
1008 4 71 73 17 69
1009 3 50 80 81
1010 2 62 45
1011 4 85 44 59 78
1012 5 0 16 63 55 11
1013 5 65 20 55 98 35
1014 4 23 78 24 93
1015 4 41 58 34 81
1016 2 84 5
1017 4 91 87 44 29
1018 3 88 13 74
1019 3 34 77 57
1020 2 36 29
1021 4 39 17 79 36
1022 5 70 89 9 47 78
1023 1 84
1024 1 66
1025 3 80 33 15
1026 5 16 69 35 33 68
1027 5 25 88 99 40 70
1028 1 20
1029 4 82 5 31 96
1030 5 17 21 63 82 21
1031 2 59 35
1032 2 39 85
1033 5 2 93 62 31 22
1034 2 16 3
1035 3 31 58 78
1036 2 60 28
1037 5 54 44 8 99 79
1038 2 21 72
1039 1 56
1040 2 96 1
1041 5 33 52 37 28 29
1042 3 63 7 81
1043 1 21
1044 5 59 52 19 2 57
1045 4 69 6 84 38
1046 5 59 88 5 83 33
1047 5 11 82 7 62 94
1048 5 27 89 96 23 93
1049 2 59 53
1050 1 75
1051 5 96 86 42 6 14
1052 3 84 27 33
1053 1 49
1054 2 91 49
1055 2 57 78
1056 4 16 35 6 80
1057 4 92 74 82 75
1058 2 96 66
1059 4 87 40 27 88
1060 3 69 11 79
1061 1 26
1062 5 28 47 55 81 73
1063 3 64 94 38
1064 4 53 63 7 7
1065 2 12 19
1066 1 91
1067 5 61 2 64 82 39
1068 1 64
1069 4 83 61 38 79
1070 2 14 94
1071 2 27 6
1072 4 60 4 67 21
1073 1 47
1074 1 7
1075 2 45 47
1076 1 81
1077 5 37 50 27 63 42
1078 1 26
1079 1 91
1080 3 39 42 96
1081 3 16 47 57
1082 1 11
1083 3 78 59 94
1084 3 82 32 64
1085 5 3 59 81 60 86
1086 4 12 96 82 11
1087 5 42 93 18 34 97
1088 1 2
1089 4 63 83 14 35
1090 1 74
1091 4 95 71 90 50
1092 5 34 97 94 6 34
1093 4 11 21 67 78
1094 2 64 42
1095 2 79 66
1096 2 76 22
1097 4 4 81 57 48
1098 3 60 12 81
1099 5 88 15 5 63 70
1100 3 50 19 12
1101 1 30
1102 1 40
1103 1 10
1104 1 68
1105 1 74
1106 4 63 9 37 93
1107 2 92 4
1108 1 40
1109 2 37 20
1110 4 30 57 80 56
1111 2 60 39
1112 2 56 68
1113 3 82 25 73
1114 2 67 58
1115 3 53 46 66
1116 3 10 8 29
1117 1 51
1118 3 48 1 26
1119 4 30 37 26 70
1120 1 19
1121 5 21 54 37 89 25
1122 1 23
1123 5 13 81 86 49 43
1124 4 45 13 63 98
1125 2 89 30
1126 2 0 42
1127 4 37 96 32 1
1128 5 85 44 28 46 7
1129 2 54 15
1130 1 44
1131 2 80 61
1132 2 96 27
1133 5 71 76 65 52 24
1134 3 57 47 28
1135 4 37 96 42 93
1136 2 45 32
1137 4 7 35 11 17
1138 5 6 31 79 30 30
1139 4 44 91 15 90
1140 1 50
1141 4 73 70 82 6
1142 4 68 26 61 33
1143 5 80 91 21 84 60
1144 2 66 98
1145 3 10 14 64
1146 1 62
1147 3 12 13 80
1148 5 56 34 46 89 19
1149 1 16
1150 1 45
1151 2 98 30
1152 1 84
1153 3 9 90 38
1154 4 0 45 4 97
1155 1 90
1156 1 31
1157 1 39
1158 1 66
1159 4 61 9 23 66
1160 1 48
1161 5 6 81 81 11 45
1162 4 51 24 70 58
1163 5 44 59 9 0 50
1164 5 72 15 39 29 80
1165 3 60 42 85
1166 2 10 45
1167 4 99 77 89 67
1168 4 16 71 76 55
1169 2 62 59
1170 3 86 85 2
1171 4 22 82 87 97
1172 1 68
1173 5 19 86 80 44 4
1174 3 79 46 73
1175 2 76 24
1176 5 38 87 32 74 92
1177 1 48
1178 2 55 47
1179 4 60 19 92 95
1180 5 40 44 84 8 64
1181 4 18 75 42 18
1182 1 91
1183 2 28 77
1184 2 8 64
1185 4 67 36 51 84
1186 5 57 62 16 44 97
1187 5 23 59 71 34 93
1188 5 70 30 73 59 93
1189 3 50 75 34
1190 3 62 3 18
1191 5 91 9 42 17 90
1192 5 98 63 15 15 91
1193 1 69
1194 2 39 54
1195 3 87 80 74
1196 4 24 10 79 96
1197 2 76 37
1198 4 15 34 81 75
1199 3 30 57 29
1200 5 99 29 99 98 29
1201 5 18 55 61 45 7
1202 1 24
1203 2 26 69
1204 3 28 11 7
1205 5 75 92 60 46 66
1206 4 69 54 59 73
1207 3 31 32 16
1208 1 81
1209 3 76 9 76
1210 2 51 88
1211 2 4 92
1212 2 97 31
1213 2 48 90
1214 3 86 2 16
1215 4 38 85 88 9
1216 4 99 42 2 22
1217 1 69
1218 2 8 39
1219 4 97 84 5 32
1220 5 44 8 0 59 90
1221 1 52
1222 1 56
1223 1 82
1224 2 13 17
1225 5 60 33 56 76 69
1226 4 46 39 96 36
1227 5 38 22 94 99 42
1228 5 67 62 61 49 4
1229 5 67 11 8 69 92
1230 5 42 31 56 12 3
1231 2 57 84
1232 3 15 20 91
1233 3 82 90 27
1234 1 94
1235 2 91 53
1236 5 38 61 19 91 6
1237 1 81
1238 5 84 29 29 34 85
1239 1 71
1240 1 86
1241 3 38 95 58
1242 5 79 45 63 85 85
1243 2 15 58
1244 1 35
1245 2 71 85
1246 1 45
1247 4 35 23 26 3
1248 5 55 64 8 58 57
1249 4 91 43 88 76
1250 5 14 6 98 67 29
1251 5 82 65 50 29 93
1252 5 5 58 15 22 79
1253 3 54 30 85
1254 5 96 41 3 82 15
1255 2 95 88
1256 5 63 11 58 83 97
1257 5 2 27 78 48 84
1258 1 4
1259 1 8
1260 1 87
1261 1 97
1262 1 8
1263 5 4 55 93 53 83
1264 5 30 70 63 78 51
1265 3 68 80 4
1266 4 36 2 65 83
1267 3 95 89 12
1268 2 65 97
1269 1 48
1270 2 21 14
1271 4 67 85 41 88
1272 5 38 64 57 82 77
1273 3 71 18 84
1274 3 97 63 63
1275 2 33 68
1276 3 27 51 49
1277 1 99
1278 3 35 33 86
1279 4 84 63 83 59
1280 2 76 86
1281 2 75 18
1282 1 80
1283 5 79 44 84 95 37
1284 1 82
1285 2 68 28
1286 3 58 9 61
1287 1 21
1288 4 6 37 25 99
1289 2 69 89
1290 4 10 96 95 30
1291 1 25
1292 2 21 46
1293 1 71
1294 1 57
1295 5 96 33 43 95 81
1296 4 62 85 46 85
1297 2 36 22
1298 2 52 18
1299 5 91 37 14 50 88
1300 5 14 90 84 76 28
1301 3 73 26 87
1302 1 68
1303 4 12 83 44 89
1304 2 77 40
1305 4 39 43 51 11
1306 5 77 46 76 49 16
1307 2 97 29
1308 3 21 84 12
1309 2 78 98
1310 2 26 75
1311 1 54
1312 5 73 28 53 18 76
1313 1 14
1314 2 93 14
1315 5 61 62 8 36 68
1316 4 49 25 67 5
1317 5 3 65 41 15 16
1318 2 93 15
1319 4 83 55 53 34
1320 1 48
1321 4 63 64 94 91
1322 3 39 41 61
1323 2 7 37
1324 3 55 16 3
1325 3 64 43 12
1326 3 7 51 70
1327 3 75 18 58
1328 3 3 20 83
1329 4 55 29 15 87
1330 4 10 97 77 1
1331 3 9 87 87
1332 2 8 41
1333 2 75 82
1334 5 20 25 60 11 76
1335 4 63 27 1 7
1336 5 50 99 75 15 1
1337 2 36 38
1338 4 45 58 91 22
1339 2 27 75
1340 4 95 84 37 3
1341 2 4 34
1342 2 84 98
1343 1 2
1344 2 60 26
1345 3 67 14 98
1346 4 21 19 5 31
1347 1 21
1348 2 47 76
1349 3 20 55 75
1350 1 85
1351 1 60
1352 5 59 75 91 17 79
1353 3 62 64 87
1354 3 27 50 18
1355 1 49
1356 4 10 84 2 61
1357 1 91
1358 1 97
1359 4 26 74 91 8
1360 4 10 77 66 76
1361 2 93 14
1362 2 14 43
1363 4 33 24 32 35
1364 5 48 90 2 48 35
1365 5 43 41 66 27 85
1366 5 67 2 9 92 30
1367 1 59
1368 3 70 99 24
1369 3 81 23 94
1370 2 33 81
1371 2 6 57
1372 5 6 84 70 34 32
1373 1 50
1374 2 80 24
1375 4 34 74 20 86
1376 1 34
1377 5 5 17 45 6 16
1378 2 11 79
1379 3 4 40 59
1380 1 20
1381 4 25 26 21 70
1382 4 27 20 9 91
1383 2 2 99
1384 5 30 55 17 9 93
1385 1 60
1386 1 14
1387 5 21 44 51 18 37
1388 4 95 46 30 80
1389 4 59 83 23 68
1390 3 25 47 32
1391 2 91 72
1392 5 39 39 94 22 36
1393 1 61
1394 1 43
1395 4 47 79 14 32
1396 1 53
1397 1 3
1398 4 63 92 76 66
1399 1 30
1400 3 54 63 44
1401 4 66 20 19 9
1402 2 68 29
1403 5 62 49 8 78 25
1404 2 96 16
1405 1 60
1406 1 27
1407 2 72 55
1408 4 77 7 7 29
1409 4 33 38 99 58
1410 5 41 73 23 96 43
1411 3 76 71 69
1412 2 86 54
1413 2 77 38
1414 2 24 11
1415 3 18 10 10
1416 5 63 31 34 91 12
1417 5 14 51 99 45 94
1418 4 76 40 81 64
1419 4 75 98 19 66
1420 3 3 15 22
1421 5 51 17 78 97 45
1422 4 13 17 67 85
1423 5 42 45 50 99 19
1424 1 68
1425 2 30 57
1426 5 83 45 88 62 79
1427 1 77
1428 1 80
1429 3 21 30 79
1430 3 63 85 92
1431 3 22 82 46
1432 4 35 56 45 61
1433 4 73 60 43 66
1434 1 34
1435 2 89 67
1436 1 46
1437 5 98 50 74 80 51
1438 1 30
1439 1 0
1440 5 8 25 34 65 80
1441 1 99
1442 5 22 78 49 93 7
1443 5 92 14 9 40 5
1444 5 92 44 98 50 22
1445 2 98 90
1446 5 40 70 66 97 61
1447 5 90 48 83 65 89
1448 5 8 68 77 13 12
1449 1 62
1450 2 6 24
1451 5 41 22 52 27 44
1452 4 84 71 96 67
1453 4 13 8 29 22
1454 3 92 90 78
1455 5 11 90 82 83 40
1456 1 16
1457 2 76 68
1458 5 92 79 30 56 39
1459 3 12 98 21
1460 4 17 90 13 7
1461 1 85
1462 1 93
1463 5 99 60 6 74 60
1464 5 75 10 5 97 56
1465 5 97 16 36 1 61
1466 5 7 68 24 36 83
1467 5 32 17 73 41 80
1468 2 20 57
1469 2 71 52
1470 1 82
1471 3 52 71 97
1472 3 85 72 85
1473 4 3 36 84 55
1474 3 2 17 3
1475 4 21 59 17 63
1476 2 73 44
1477 2 42 0
1478 4 71 53 23 27
1479 2 12 14
1480 4 53 61 49 92
1481 1 25
1482 3 75 33 1
1483 1 65
1484 3 36 2 66
1485 2 61 97
1486 5 25 45 29 70 2
1487 2 58 44
1488 2 22 92
1489 3 38 30 10
1490 1 32
1491 3 77 34 99
1492 4 58 50 0 59
1493 1 13
1494 1 89
1495 4 97 98 22 4
1496 1 3
1497 1 80
1498 4 65 33 58 46
1499 2 32 85
1500 1 56
1501 1 9
1502 1 66
1503 3 93 98 37
1504 3 55 72 74
1505 5 71 86 83 15 36
1506 4 78 65 21 77
1507 2 95 41
1508 1 49
1509 5 54 36 37 53 61
1510 2 65 82
1511 5 95 45 14 72 26
1512 3 55 43 87
1513 2 47 27
1514 5 11 83 89 76 96
1515 3 0 94 94
1516 2 33 61
1517 1 82
1518 2 55 99
1519 5 79 11 24 12 33
1520 1 62
1521 3 20 51 75
1522 1 12
1523 5 80 10 49 93 54
1524 3 83 85 24
1525 5 63 59 39 69 89
1526 3 97 91 56
1527 5 10 13 82 75 22
1528 2 11 83
1529 1 10
1530 5 48 41 8 60 23
1531 4 34 65 43 65
1532 2 69 18
1533 5 18 67 93 23 18
1534 3 46 25 29
1535 5 4 40 11 54 80
1536 4 4 55 96 24
1537 2 84 69
1538 1 44
1539 2 73 94
1540 3 56 4 34
1541 5 56 71 28 65 7
1542 4 98 72 95 35
1543 4 83 4 23 63
1544 1 29
1545 5 12 89 16 43 62
1546 3 95 32 23
1547 5 4 3 27 62 18
1548 1 75
1549 5 81 46 71 60 90
1550 3 9 25 18
1551 4 82 69 24 89
1552 2 19 60
1553 4 85 24 39 47
1554 1 85
1555 4 36 1 70 13
1556 4 16 75 45 26
1557 4 32 46 82 45
1558 3 7 94 21
1559 4 32 40 24 46
1560 5 83 59 92 96 94
1561 5 74 83 13 74 58
1562 4 33 30 47 31
1563 4 20 68 23 58
1564 3 94 7 17
1565 2 90 57
1566 3 61 4 29
1567 1 49
1568 5 63 25 48 90 79
1569 1 52
1570 4 81 25 94 33
1571 2 51 31
1572 4 38 10 3 19
1573 4 83 16 54 96
1574 4 48 55 80 81
1575 4 88 53 47 7
1576 3 4 61 4
1577 2 21 76
1578 4 55 37 1 88
1579 5 84 99 71 42 62
1580 3 13 17 74
1581 2 22 80
1582 3 64 15 61
1583 1 22
1584 2 75 38
1585 4 24 59 80 9
1586 2 83 55
1587 3 49 16 97
1588 1 76
1589 4 51 70 99 76
1590 4 30 84 78 83
1591 5 33 20 57 52 84
1592 5 19 87 72 10 41
1593 1 32
1594 1 53
1595 2 16 26
1596 5 53 63 78 58 15
1597 1 15
1598 4 51 46 44 79
1599 5 76 14 46 29 15
1600 1 94
1601 5 59 9 34 40 56
1602 2 38 88
1603 1 9
1604 2 61 27
1605 2 53 29
1606 4 5 62 11 48
1607 2 28 65
1608 3 7 96 50
1609 2 41 30
1610 4 1 91 7 56
1611 2 45 64
1612 1 93
1613 1 91
1614 5 39 18 10 34 27
1615 3 42 52 12
1616 2 42 4
1617 4 92 19 74 95
1618 5 50 1 96 83 7
1619 1 24
1620 5 10 66 96 86 38
1621 4 69 39 86 19
1622 2 37 20
1623 4 50 44 54 58
1624 3 37 81 47
1625 3 68 78 38
1626 5 0 78 35 82 2
1627 3 77 34 66
1628 4 88 64 64 25
1629 2 21 33
1630 3 0 64 15
1631 4 1 30 55 58
1632 3 94 68 48
1633 2 78 81
1634 5 97 56 5 3 19
1635 2 38 83
1636 4 66 44 23 71
1637 1 68
1638 5 11 80 77 60 46
1639 3 38 4 72
1640 4 35 1 75 97
1641 4 50 53 90 87
1642 3 65 57 20
1643 2 61 21
1644 5 62 28 58 32 53
1645 2 23 34
1646 5 93 20 74 15 90
1647 1 63
1648 3 35 54 38
1649 4 96 13 83 80
1650 2 62 81
1651 3 27 81 39
1652 1 35
1653 5 34 92 81 23 79
1654 1 91
1655 4 60 50 84 33
1656 4 64 51 66 89
1657 2 9 80
1658 2 20 90
1659 1 82
1660 4 45 72 60 99
1661 5 27 25 2 19 76
1662 5 72 44 89 51 16
1663 2 62 35
1664 3 95 29 14
1665 3 85 21 7
1666 1 87
1667 4 33 48 61 68
1668 4 56 58 74 5
1669 4 0 51 37 87
1670 2 10 11
1671 3 13 85 31
1672 1 46
1673 5 73 55 63 57 40
1674 1 68
1675 4 90 27 43 1
1676 4 78 21 54 7
1677 2 18 78
1678 1 83
1679 1 75
1680 2 73 53
1681 2 73 17
1682 4 80 71 62 81
1683 2 60 7
1684 4 17 68 3 80
1685 5 48 51 60 3 74
1686 4 37 48 70 39
1687 5 33 5 33 27 13
1688 3 92 56 24
1689 2 50 73
1690 5 24 86 48 68 34
1691 5 23 72 53 10 35
1692 3 49 18 99
1693 3 24 99 38
1694 4 40 94 64 98
1695 1 67
1696 1 5
1697 4 46 6 54 96
1698 2 53 94
1699 1 69
1700 5 40 8 90 3 36
1701 3 3 24 1
1702 5 34 92 24 86 81
1703 5 88 76 11 87 43
1704 2 88 43
1705 1 83
1706 3 82 48 94
1707 5 72 94 41 23 39
1708 5 6 12 98 34 87
1709 1 35
1710 2 34 86
1711 4 1 56 51 18
1712 5 94 26 12 5 17
1713 1 11
1714 4 1 66 22 16
1715 2 52 61
1716 5 33 55 43 3 35
1717 3 53 33 64
1718 1 6
1719 3 49 23 31
1720 4 8 58 82 26
1721 3 81 40 17
1722 1 91
1723 5 37 98 11 93 19
1724 5 72 89 88 98 76
1725 1 48
1726 2 1 22
1727 4 44 5 5 31
1728 5 53 81 30 60 64
1729 4 67 73 9 41
1730 1 7
1731 3 35 21 84
1732 2 5 5
1733 5 8 25 58 73 97
1734 3 13 42 22
1735 4 93 11 16 37
1736 4 63 6 82 56
1737 3 56 38 95
1738 1 76
1739 1 63
1740 2 30 81
1741 1 25
1742 2 14 23
1743 1 42
1744 2 83 95
1745 3 84 27 50
1746 5 25 21 92 55 39
1747 4 99 71 9 1
1748 4 60 58 54 89
1749 3 88 6 34
1750 4 96 80 12 38
1751 1 32
1752 3 10 81 80
1753 2 26 85
1754 1 47
1755 2 0 49
1756 3 11 25 84
1757 3 95 40 23
1758 4 4 56 31 59
1759 3 92 56 86
1760 1 38
1761 5 22 67 82 48 66
1762 4 15 67 66 91
1763 3 19 82 11
1764 1 60
1765 2 6 9
1766 1 89
1767 4 78 10 21 79
1768 1 19
1769 3 35 90 9
1770 5 75 72 16 94 78
1771 4 13 2 14 62
1772 2 51 26
1773 4 59 30 78 25
1774 2 45 19
1775 1 85
1776 4 48 25 74 37
1777 5 85 70 88 43 18
1778 4 1 59 45 46
1779 2 57 95
1780 4 51 87 82 99
1781 4 97 55 20 48
1782 5 35 41 50 98 35
1783 4 92 23 54 23
1784 3 91 69 74
1785 3 79 37 36
1786 5 63 67 88 95 4
1787 4 68 56 84 11
1788 5 86 64 37 28 61
1789 4 61 31 65 41
1790 3 0 92 46
1791 5 6 13 96 55 93
1792 2 22 36
1793 3 17 46 43
1794 2 88 90
1795 4 65 97 37 38
1796 4 6 11 29 95
1797 1 95
1798 5 56 6 30 85 94
1799 4 25 20 57 43
1800 3 11 41 68
1801 2 58 97
1802 3 92 23 81
1803 3 23 59 62
1804 2 14 34
1805 3 91 37 97
1806 5 7 10 3 90 60
1807 2 79 87
1808 2 5 77
1809 3 52 67 48
1810 4 44 17 8 16
1811 5 1 48 63 50 52
1812 4 51 17 14 88
1813 4 41 87 98 72
1814 2 96 59
1815 5 97 63 54 26 35
1816 4 71 3 44 64
1817 4 84 37 25 88
1818 4 93 89 77 72
1819 1 24
1820 4 38 37 67 70
1821 4 29 93 61 68
1822 4 80 22 6 14
1823 3 64 44 61
1824 4 51 31 41 60
1825 3 95 53 31
1826 4 30 60 26 44
1827 1 96
1828 3 15 55 94
1829 5 86 50 91 18 33
1830 4 40 63 32 70
1831 1 29
1832 3 11 4 30
1833 2 13 82
1834 2 20 10
1835 1 19
1836 5 87 17 17 43 17
1837 4 92 13 82 81
1838 3 98 63 33
1839 4 93 57 54 59
1840 5 37 93 92 54 13
1841 4 89 6 14 58
1842 1 4
1843 2 32 68
1844 5 90 69 58 59 34
1845 3 66 50 29
1846 3 68 78 44
1847 3 65 80 69
1848 5 86 5 75 12 1
1849 4 54 41 87 92
1850 1 9
1851 1 90
1852 4 39 92 5 38
1853 5 23 22 42 57 3
1854 5 1 53 98 65 41
1855 4 96 75 48 51
1856 2 6 45
1857 3 64 22 43
1858 5 17 43 75 99 7
1859 3 67 84 40
1860 4 39 30 60 92
1861 4 11 69 31 38
1862 1 93
1863 3 39 55 25
1864 2 93 29
1865 5 64 47 68 98 74
1866 3 30 87 8
1867 5 86 24 79 0 13
1868 4 95 68 0 2
1869 4 62 64 60 64
1870 3 83 25 58
1871 5 37 11 39 98 44
1872 2 63 11
1873 1 71
1874 4 87 85 18 32
1875 5 48 33 27 85 20
1876 3 48 37 32
1877 3 58 88 91
1878 5 74 68 50 21 96
1879 3 93 34 40
1880 2 24 8
1881 4 18 34 11 80
1882 1 45
1883 2 21 67
1884 3 64 76 3
1885 1 69
1886 5 38 39 77 50 7
1887 3 29 14 40
1888 1 72
1889 2 45 13
1890 3 66 20 99
1891 1 54
1892 4 15 36 82 33
1893 5 77 54 37 66 4
1894 1 4
1895 3 42 80 27
1896 2 63 2
1897 1 46
1898 3 74 60 10
1899 5 5 6 26 97 98
1900 1 5
1901 1 67
1902 5 75 61 46 22 86
1903 1 82
1904 4 16 59 71 91
1905 2 2 5
1906 1 80
1907 5 29 43 51 86 37
1908 2 75 34
1909 1 20
1910 5 66 31 74 91 1
1911 3 56 27 25
1912 5 93 52 49 40 79
1913 5 86 66 7 2 79
1914 1 42
1915 2 7 81
1916 4 48 84 84 10
1917 1 53
1918 2 42 85
1919 4 12 84 93 81
1920 1 42
1921 4 56 75 17 67
1922 1 96
1923 1 37
1924 4 40 74 76 12
1925 4 30 2 29 62
1926 1 95
1927 4 8 13 54 65
1928 4 5 77 17 29
1929 1 81
1930 3 29 5 88
1931 2 27 88
1932 2 9 13
1933 2 17 62
1934 4 20 24 21 59
1935 4 94 32 92 29
1936 4 52 14 70 47
1937 4 33 44 69 87
1938 1 78
1939 1 98
1940 4 15 45 57 61
1941 2 60 90
1942 4 95 35 72 55
1943 4 69 91 51 55
1944 3 91 25 22
1945 2 80 4
1946 5 11 84 17 59 56
1947 2 34 8
1948 3 57 88 49
1949 5 33 42 32 20 56
1950 2 20 59
1951 1 21
1952 1 23
1953 4 9 12 99 49
1954 3 17 57 7
1955 1 58
1956 3 58 67 56
1957 1 59
1958 3 34 26 7
1959 4 36 43 89 54
1960 2 92 80
1961 1 50
1962 4 54 54 99 26
1963 4 24 25 69 12
1964 4 3 40 97 16
1965 4 84 29 65 58
1966 2 41 15
1967 5 63 20 15 42 53
1968 1 6
1969 3 72 2 11
1970 3 82 38 78
1971 1 88
1972 2 12 51
1973 1 66
1974 2 76 23
1975 1 28
1976 2 76 81
1977 2 8 73
1978 5 82 10 14 50 0
1979 5 79 70 47 92 85
1980 2 55 64
1981 5 35 84 20 29 26
1982 3 86 81 8
1983 4 52 69 29 36
1984 3 23 23 73
1985 2 62 12
1986 3 92 36 58
1987 4 86 63 90 21
1988 1 97
1989 3 88 26 42
1990 5 4 48 62 76 70
1991 2 11 45
1992 4 77 5 58 45
1993 1 40
1994 3 71 91 90
1995 1 56
1996 1 37
1997 3 0 59 99
1998 5 73 73 54 68 82
1999 1 72